Filename:  D:\Backup\Documents\FMF\3. Letnik\Fizikalni Praktikum V\Gamma\BG_100_3.mca
Description:  
TimeStamp:  10/14/2021 17:49:03

Calibration Information
Label:  keV
Channel	Value
0	0
644	511
1515	1277
A	B	C
-4.356e-012	0.756934	5.67463e-005

Spectral Data Information
Channel	Data
0	0
1	0
2	0
3	0
4	0
5	0
6	0
7	0
8	0
9	0
10	0
11	0
12	0
13	0
14	0
15	0
16	0
17	0
18	0
19	0
20	0
21	0
22	0
23	0
24	0
25	0
26	0
27	0
28	0
29	0
30	0
31	0
32	0
33	0
34	0
35	0
36	0
37	0
38	0
39	0
40	0
41	0
42	0
43	0
44	0
45	0
46	0
47	11
48	23
49	11
50	17
51	11
52	21
53	18
54	13
55	13
56	21
57	21
58	16
59	16
60	21
61	18
62	21
63	25
64	20
65	24
66	19
67	23
68	27
69	26
70	23
71	24
72	28
73	31
74	25
75	28
76	29
77	30
78	39
79	35
80	40
81	34
82	43
83	39
84	45
85	40
86	40
87	47
88	47
89	49
90	35
91	32
92	47
93	55
94	57
95	57
96	45
97	68
98	50
99	45
100	53
101	55
102	59
103	48
104	43
105	43
106	48
107	57
108	61
109	54
110	54
111	50
112	52
113	52
114	44
115	50
116	53
117	40
118	55
119	42
120	45
121	37
122	53
123	56
124	49
125	39
126	47
127	50
128	42
129	49
130	45
131	44
132	45
133	37
134	39
135	48
136	49
137	38
138	48
139	40
140	47
141	41
142	44
143	41
144	40
145	51
146	34
147	46
148	44
149	33
150	40
151	36
152	43
153	41
154	39
155	43
156	47
157	39
158	37
159	39
160	30
161	37
162	43
163	52
164	46
165	44
166	44
167	30
168	34
169	31
170	45
171	36
172	39
173	39
174	36
175	32
176	30
177	37
178	30
179	35
180	37
181	39
182	31
183	32
184	33
185	25
186	32
187	40
188	34
189	32
190	30
191	41
192	31
193	34
194	40
195	32
196	28
197	26
198	22
199	35
200	22
201	30
202	38
203	35
204	33
205	36
206	20
207	28
208	27
209	26
210	28
211	26
212	26
213	36
214	32
215	26
216	24
217	28
218	35
219	37
220	21
221	22
222	27
223	27
224	29
225	28
226	27
227	24
228	22
229	29
230	20
231	26
232	28
233	25
234	27
235	33
236	20
237	15
238	27
239	26
240	22
241	20
242	17
243	27
244	24
245	26
246	40
247	20
248	27
249	25
250	23
251	9
252	24
253	21
254	17
255	16
256	21
257	20
258	15
259	15
260	26
261	23
262	16
263	14
264	18
265	27
266	18
267	27
268	16
269	13
270	23
271	17
272	22
273	23
274	14
275	23
276	24
277	26
278	19
279	25
280	18
281	26
282	16
283	19
284	27
285	18
286	20
287	14
288	15
289	14
290	18
291	16
292	19
293	15
294	6
295	19
296	23
297	23
298	18
299	10
300	18
301	19
302	19
303	18
304	18
305	11
306	16
307	22
308	23
309	16
310	15
311	17
312	18
313	20
314	13
315	9
316	18
317	13
318	13
319	13
320	18
321	8
322	12
323	10
324	17
325	10
326	15
327	17
328	13
329	11
330	13
331	14
332	12
333	13
334	11
335	10
336	19
337	17
338	17
339	16
340	12
341	13
342	9
343	5
344	12
345	15
346	9
347	15
348	10
349	5
350	16
351	17
352	15
353	9
354	11
355	9
356	12
357	9
358	9
359	13
360	5
361	13
362	6
363	18
364	10
365	14
366	10
367	4
368	9
369	13
370	9
371	6
372	6
373	10
374	9
375	17
376	10
377	8
378	8
379	5
380	20
381	10
382	6
383	10
384	11
385	7
386	9
387	9
388	8
389	7
390	10
391	7
392	12
393	8
394	6
395	8
396	13
397	12
398	12
399	15
400	12
401	9
402	6
403	8
404	7
405	7
406	12
407	7
408	15
409	6
410	8
411	6
412	10
413	6
414	7
415	7
416	6
417	6
418	3
419	9
420	7
421	5
422	1
423	5
424	5
425	6
426	8
427	9
428	8
429	11
430	14
431	7
432	9
433	8
434	6
435	7
436	7
437	9
438	7
439	7
440	9
441	6
442	3
443	7
444	7
445	9
446	8
447	13
448	5
449	5
450	9
451	9
452	9
453	11
454	5
455	11
456	11
457	10
458	7
459	8
460	5
461	2
462	5
463	6
464	5
465	10
466	4
467	5
468	3
469	3
470	12
471	4
472	6
473	4
474	4
475	8
476	6
477	4
478	7
479	6
480	6
481	5
482	4
483	4
484	5
485	4
486	6
487	7
488	7
489	5
490	6
491	7
492	6
493	3
494	5
495	3
496	1
497	3
498	2
499	6
500	1
501	3
502	3
503	7
504	4
505	3
506	3
507	9
508	1
509	4
510	6
511	4
512	5
513	5
514	5
515	6
516	5
517	7
518	5
519	3
520	5
521	3
522	4
523	3
524	2
525	5
526	4
527	4
528	4
529	5
530	4
531	3
532	3
533	7
534	3
535	4
536	2
537	5
538	3
539	2
540	2
541	3
542	2
543	3
544	6
545	0
546	2
547	4
548	6
549	4
550	2
551	5
552	1
553	5
554	2
555	4
556	4
557	4
558	2
559	1
560	2
561	6
562	5
563	4
564	4
565	4
566	3
567	2
568	4
569	2
570	2
571	4
572	3
573	3
574	1
575	3
576	4
577	4
578	0
579	5
580	0
581	1
582	5
583	6
584	1
585	4
586	2
587	1
588	0
589	5
590	4
591	7
592	5
593	4
594	4
595	3
596	3
597	1
598	4
599	1
600	2
601	3
602	3
603	3
604	7
605	3
606	2
607	2
608	4
609	1
610	2
611	4
612	2
613	2
614	5
615	4
616	3
617	5
618	1
619	7
620	2
621	3
622	2
623	4
624	2
625	5
626	4
627	0
628	5
629	3
630	4
631	2
632	3
633	1
634	4
635	1
636	2
637	3
638	2
639	2
640	1
641	2
642	1
643	3
644	1
645	5
646	1
647	2
648	0
649	2
650	5
651	4
652	2
653	4
654	3
655	7
656	0
657	2
658	2
659	2
660	2
661	3
662	5
663	6
664	2
665	3
666	2
667	4
668	1
669	4
670	1
671	1
672	3
673	2
674	2
675	0
676	1
677	2
678	1
679	2
680	0
681	1
682	4
683	2
684	3
685	4
686	2
687	5
688	1
689	0
690	2
691	2
692	1
693	2
694	5
695	2
696	2
697	3
698	0
699	2
700	3
701	3
702	3
703	2
704	3
705	3
706	5
707	2
708	4
709	4
710	1
711	2
712	4
713	4
714	2
715	5
716	3
717	3
718	2
719	0
720	3
721	2
722	6
723	3
724	4
725	2
726	1
727	3
728	6
729	4
730	2
731	3
732	2
733	4
734	2
735	2
736	3
737	1
738	1
739	3
740	2
741	8
742	1
743	3
744	2
745	4
746	5
747	3
748	2
749	4
750	1
751	1
752	1
753	4
754	3
755	3
756	2
757	1
758	3
759	4
760	2
761	0
762	5
763	3
764	3
765	3
766	2
767	2
768	2
769	4
770	8
771	2
772	2
773	5
774	4
775	2
776	1
777	6
778	4
779	2
780	2
781	1
782	3
783	1
784	2
785	1
786	1
787	5
788	2
789	4
790	3
791	3
792	4
793	1
794	0
795	0
796	2
797	4
798	4
799	2
800	5
801	2
802	1
803	1
804	0
805	4
806	3
807	1
808	1
809	1
810	5
811	2
812	3
813	4
814	1
815	3
816	2
817	1
818	3
819	1
820	2
821	1
822	2
823	1
824	1
825	2
826	1
827	2
828	6
829	1
830	1
831	0
832	2
833	0
834	2
835	0
836	2
837	2
838	3
839	1
840	1
841	0
842	1
843	1
844	0
845	0
846	1
847	2
848	2
849	0
850	1
851	2
852	1
853	2
854	7
855	2
856	2
857	1
858	1
859	1
860	0
861	0
862	0
863	1
864	0
865	1
866	1
867	0
868	0
869	2
870	2
871	1
872	3
873	2
874	1
875	2
876	1
877	0
878	3
879	2
880	0
881	2
882	2
883	2
884	0
885	1
886	0
887	2
888	0
889	1
890	2
891	1
892	1
893	2
894	0
895	1
896	0
897	2
898	0
899	3
900	4
901	0
902	0
903	2
904	4
905	1
906	0
907	2
908	1
909	2
910	0
911	1
912	0
913	0
914	1
915	0
916	0
917	1
918	0
919	1
920	0
921	1
922	0
923	2
924	1
925	0
926	0
927	1
928	4
929	0
930	2
931	2
932	1
933	1
934	1
935	0
936	0
937	1
938	1
939	2
940	3
941	1
942	1
943	3
944	2
945	3
946	0
947	1
948	2
949	4
950	0
951	2
952	1
953	2
954	2
955	0
956	1
957	0
958	0
959	2
960	0
961	1
962	0
963	3
964	0
965	1
966	0
967	1
968	1
969	0
970	1
971	3
972	1
973	1
974	0
975	0
976	2
977	0
978	2
979	0
980	4
981	0
982	1
983	1
984	1
985	1
986	2
987	1
988	0
989	2
990	3
991	2
992	0
993	1
994	0
995	1
996	2
997	1
998	1
999	3
1000	1
1001	0
1002	1
1003	0
1004	1
1005	1
1006	2
1007	2
1008	3
1009	0
1010	1
1011	2
1012	1
1013	1
1014	3
1015	0
1016	0
1017	3
1018	1
1019	0
1020	0
1021	1
1022	1
1023	1
1024	1
1025	2
1026	1
1027	1
1028	0
1029	2
1030	1
1031	2
1032	1
1033	1
1034	0
1035	2
1036	1
1037	0
1038	0
1039	0
1040	1
1041	1
1042	2
1043	1
1044	0
1045	0
1046	2
1047	3
1048	0
1049	3
1050	0
1051	2
1052	0
1053	1
1054	1
1055	2
1056	1
1057	0
1058	3
1059	0
1060	0
1061	1
1062	1
1063	2
1064	1
1065	0
1066	0
1067	1
1068	1
1069	0
1070	1
1071	1
1072	0
1073	0
1074	0
1075	2
1076	1
1077	0
1078	2
1079	0
1080	1
1081	1
1082	0
1083	0
1084	1
1085	1
1086	0
1087	0
1088	0
1089	1
1090	1
1091	0
1092	1
1093	1
1094	0
1095	0
1096	1
1097	1
1098	1
1099	0
1100	2
1101	1
1102	0
1103	2
1104	0
1105	0
1106	0
1107	3
1108	1
1109	2
1110	0
1111	0
1112	0
1113	0
1114	0
1115	1
1116	1
1117	0
1118	2
1119	0
1120	1
1121	1
1122	0
1123	1
1124	0
1125	2
1126	0
1127	2
1128	2
1129	0
1130	1
1131	1
1132	2
1133	0
1134	0
1135	2
1136	0
1137	2
1138	1
1139	1
1140	0
1141	0
1142	2
1143	1
1144	0
1145	2
1146	1
1147	0
1148	0
1149	1
1150	0
1151	2
1152	1
1153	2
1154	2
1155	2
1156	1
1157	0
1158	1
1159	0
1160	1
1161	3
1162	1
1163	0
1164	1
1165	1
1166	1
1167	3
1168	2
1169	3
1170	0
1171	1
1172	1
1173	2
1174	2
1175	0
1176	2
1177	1
1178	0
1179	0
1180	0
1181	0
1182	1
1183	0
1184	0
1185	2
1186	0
1187	2
1188	4
1189	0
1190	1
1191	0
1192	1
1193	1
1194	2
1195	0
1196	0
1197	2
1198	0
1199	1
1200	1
1201	1
1202	0
1203	0
1204	0
1205	0
1206	3
1207	1
1208	1
1209	1
1210	1
1211	1
1212	1
1213	0
1214	1
1215	2
1216	1
1217	1
1218	1
1219	0
1220	0
1221	1
1222	1
1223	0
1224	0
1225	2
1226	0
1227	0
1228	1
1229	1
1230	0
1231	2
1232	0
1233	3
1234	0
1235	0
1236	0
1237	0
1238	0
1239	2
1240	0
1241	0
1242	0
1243	3
1244	0
1245	1
1246	4
1247	0
1248	0
1249	0
1250	1
1251	2
1252	2
1253	1
1254	0
1255	1
1256	1
1257	1
1258	2
1259	0
1260	1
1261	0
1262	1
1263	2
1264	1
1265	0
1266	2
1267	0
1268	0
1269	3
1270	4
1271	1
1272	1
1273	0
1274	0
1275	0
1276	0
1277	2
1278	2
1279	1
1280	2
1281	2
1282	1
1283	1
1284	0
1285	2
1286	1
1287	0
1288	0
1289	1
1290	1
1291	0
1292	0
1293	0
1294	0
1295	0
1296	0
1297	1
1298	2
1299	0
1300	0
1301	0
1302	1
1303	0
1304	2
1305	1
1306	1
1307	1
1308	1
1309	0
1310	1
1311	0
1312	0
1313	0
1314	3
1315	0
1316	0
1317	0
1318	0
1319	0
1320	0
1321	0
1322	1
1323	1
1324	1
1325	0
1326	0
1327	0
1328	0
1329	0
1330	1
1331	1
1332	0
1333	1
1334	0
1335	0
1336	1
1337	2
1338	2
1339	0
1340	0
1341	1
1342	0
1343	1
1344	0
1345	0
1346	1
1347	0
1348	0
1349	0
1350	0
1351	0
1352	1
1353	3
1354	2
1355	0
1356	0
1357	2
1358	0
1359	0
1360	0
1361	0
1362	1
1363	1
1364	0
1365	1
1366	1
1367	2
1368	0
1369	0
1370	0
1371	0
1372	1
1373	1
1374	1
1375	2
1376	3
1377	2
1378	0
1379	2
1380	1
1381	0
1382	0
1383	0
1384	1
1385	0
1386	1
1387	0
1388	0
1389	1
1390	1
1391	1
1392	2
1393	2
1394	1
1395	1
1396	0
1397	1
1398	3
1399	2
1400	3
1401	1
1402	0
1403	0
1404	0
1405	0
1406	0
1407	1
1408	0
1409	3
1410	2
1411	0
1412	1
1413	0
1414	0
1415	1
1416	1
1417	0
1418	0
1419	0
1420	1
1421	0
1422	2
1423	2
1424	1
1425	0
1426	0
1427	0
1428	0
1429	0
1430	0
1431	0
1432	0
1433	1
1434	0
1435	1
1436	1
1437	1
1438	2
1439	2
1440	0
1441	0
1442	0
1443	2
1444	0
1445	0
1446	0
1447	0
1448	0
1449	0
1450	1
1451	0
1452	1
1453	1
1454	0
1455	0
1456	3
1457	0
1458	1
1459	1
1460	1
1461	1
1462	1
1463	0
1464	0
1465	0
1466	0
1467	0
1468	1
1469	0
1470	0
1471	0
1472	2
1473	0
1474	1
1475	0
1476	0
1477	1
1478	0
1479	0
1480	2
1481	0
1482	1
1483	0
1484	0
1485	0
1486	1
1487	0
1488	1
1489	1
1490	0
1491	0
1492	0
1493	0
1494	0
1495	0
1496	0
1497	0
1498	0
1499	0
1500	0
1501	1
1502	1
1503	0
1504	0
1505	0
1506	0
1507	0
1508	1
1509	0
1510	0
1511	0
1512	0
1513	0
1514	1
1515	0
1516	0
1517	0
1518	0
1519	0
1520	1
1521	1
1522	1
1523	0
1524	2
1525	0
1526	1
1527	2
1528	0
1529	1
1530	1
1531	0
1532	0
1533	0
1534	0
1535	1
1536	0
1537	1
1538	0
1539	1
1540	0
1541	0
1542	0
1543	0
1544	0
1545	0
1546	0
1547	0
1548	0
1549	1
1550	0
1551	0
1552	0
1553	1
1554	0
1555	1
1556	1
1557	2
1558	0
1559	0
1560	1
1561	0
1562	0
1563	0
1564	0
1565	0
1566	1
1567	0
1568	2
1569	0
1570	0
1571	0
1572	0
1573	0
1574	0
1575	1
1576	0
1577	0
1578	0
1579	2
1580	0
1581	0
1582	0
1583	1
1584	1
1585	0
1586	1
1587	1
1588	0
1589	0
1590	1
1591	1
1592	0
1593	0
1594	0
1595	0
1596	1
1597	0
1598	0
1599	1
1600	0
1601	0
1602	1
1603	0
1604	0
1605	1
1606	0
1607	0
1608	0
1609	2
1610	0
1611	0
1612	0
1613	0
1614	0
1615	0
1616	1
1617	0
1618	2
1619	1
1620	0
1621	0
1622	0
1623	0
1624	0
1625	1
1626	0
1627	0
1628	2
1629	0
1630	0
1631	0
1632	0
1633	1
1634	0
1635	0
1636	0
1637	1
1638	0
1639	1
1640	0
1641	0
1642	0
1643	0
1644	0
1645	0
1646	0
1647	0
1648	0
1649	1
1650	0
1651	0
1652	1
1653	0
1654	0
1655	0
1656	0
1657	0
1658	0
1659	0
1660	0
1661	1
1662	0
1663	0
1664	0
1665	1
1666	0
1667	0
1668	0
1669	0
1670	1
1671	0
1672	0
1673	0
1674	0
1675	0
1676	0
1677	0
1678	1
1679	0
1680	0
1681	0
1682	1
1683	0
1684	2
1685	0
1686	1
1687	0
1688	0
1689	0
1690	0
1691	0
1692	0
1693	0
1694	0
1695	1
1696	0
1697	0
1698	0
1699	0
1700	0
1701	0
1702	0
1703	0
1704	0
1705	0
1706	1
1707	0
1708	0
1709	1
1710	0
1711	0
1712	1
1713	0
1714	0
1715	0
1716	1
1717	0
1718	0
1719	0
1720	3
1721	0
1722	0
1723	1
1724	0
1725	2
1726	1
1727	0
1728	0
1729	1
1730	0
1731	0
1732	1
1733	1
1734	0
1735	1
1736	0
1737	0
1738	0
1739	0
1740	1
1741	0
1742	2
1743	0
1744	0
1745	0
1746	0
1747	0
1748	0
1749	0
1750	2
1751	0
1752	2
1753	0
1754	1
1755	0
1756	0
1757	0
1758	0
1759	0
1760	0
1761	1
1762	0
1763	2
1764	3
1765	1
1766	0
1767	0
1768	0
1769	0
1770	0
1771	0
1772	1
1773	1
1774	2
1775	1
1776	0
1777	1
1778	0
1779	0
1780	1
1781	2
1782	1
1783	1
1784	0
1785	1
1786	0
1787	1
1788	1
1789	1
1790	2
1791	1
1792	2
1793	0
1794	2
1795	2
1796	0
1797	0
1798	0
1799	0
1800	3
1801	0
1802	0
1803	0
1804	0
1805	1
1806	2
1807	0
1808	1
1809	1
1810	1
1811	1
1812	1
1813	0
1814	2
1815	0
1816	0
1817	0
1818	1
1819	1
1820	0
1821	1
1822	0
1823	0
1824	2
1825	1
1826	0
1827	2
1828	1
1829	0
1830	0
1831	0
1832	0
1833	0
1834	0
1835	0
1836	0
1837	0
1838	0
1839	0
1840	3
1841	2
1842	0
1843	0
1844	1
1845	0
1846	1
1847	1
1848	0
1849	0
1850	1
1851	1
1852	1
1853	1
1854	0
1855	1
1856	0
1857	1
1858	0
1859	1
1860	0
1861	0
1862	0
1863	0
1864	0
1865	1
1866	2
1867	2
1868	0
1869	0
1870	1
1871	0
1872	0
1873	0
1874	0
1875	0
1876	0
1877	1
1878	1
1879	0
1880	0
1881	0
1882	0
1883	0
1884	0
1885	0
1886	0
1887	0
1888	0
1889	0
1890	1
1891	1
1892	0
1893	0
1894	0
1895	0
1896	0
1897	1
1898	0
1899	0
1900	0
1901	0
1902	0
1903	0
1904	0
1905	0
1906	0
1907	1
1908	0
1909	0
1910	0
1911	0
1912	1
1913	0
1914	0
1915	0
1916	0
1917	0
1918	0
1919	0
1920	0
1921	0
1922	1
1923	0
1924	0
1925	0
1926	2
1927	0
1928	0
1929	0
1930	0
1931	1
1932	0
1933	1
1934	0
1935	0
1936	0
1937	0
1938	0
1939	0
1940	1
1941	0
1942	0
1943	0
1944	0
1945	0
1946	0
1947	0
1948	1
1949	0
1950	0
1951	1
1952	0
1953	0
1954	0
1955	0
1956	0
1957	0
1958	0
1959	1
1960	1
1961	0
1962	2
1963	0
1964	2
1965	1
1966	1
1967	0
1968	0
1969	0
1970	0
1971	0
1972	0
1973	0
1974	0
1975	0
1976	1
1977	1
1978	0
1979	0
1980	0
1981	0
1982	0
1983	0
1984	0
1985	0
1986	0
1987	0
1988	0
1989	0
1990	0
1991	0
1992	0
1993	0
1994	0
1995	0
1996	0
1997	0
1998	0
1999	0
2000	0
2001	0
2002	0
2003	0
2004	0
2005	0
2006	0
2007	0
2008	0
2009	0
2010	0
2011	0
2012	0
2013	0
2014	0
2015	0
2016	0
2017	0
2018	0
2019	0
2020	0
2021	0
2022	0
2023	0
2024	0
2025	0
2026	0
2027	0
2028	0
2029	0
2030	0
2031	0
2032	0
2033	0
2034	0
2035	0
2036	0
2037	0
2038	0
2039	0
2040	0
2041	0
2042	0
2043	0
2044	0
2045	0
2046	0
2047	0
