Filename:  D:\Backup\Documents\FMF\3. Letnik\Fizikalni Praktikum V\Gamma\Na22_long_1.mca
Description:  
TimeStamp:  10/14/2021 17:33:51

Calibration Information
Label:  MeV
Channel	Value
0	0
644	0.511
1515	1.277
A	B	C
-4.25391e-015	0.000756934	5.67463e-008

ROI Information
Start	End	FWHM (N)	Net Area	Gross Area	Centroid (N)	Uncertainty	Status
0.49	0.55	0.032	12470	24310	0.52	1.52	GOOD
1.32	1.35	0.001	171	1596	1.34	32.14	GOOD

Spectral Data Information
Channel	Data
0	0
1	0
2	0
3	0
4	0
5	0
6	0
7	0
8	0
9	0
10	0
11	0
12	0
13	0
14	0
15	0
16	0
17	0
18	0
19	0
20	0
21	0
22	0
23	0
24	0
25	0
26	0
27	0
28	0
29	0
30	0
31	0
32	0
33	0
34	0
35	0
36	0
37	0
38	0
39	0
40	0
41	0
42	0
43	0
44	0
45	0
46	12
47	74
48	85
49	61
50	71
51	74
52	75
53	91
54	80
55	77
56	70
57	92
58	63
59	84
60	76
61	76
62	75
63	90
64	85
65	86
66	73
67	89
68	84
69	78
70	76
71	70
72	75
73	79
74	73
75	98
76	74
77	100
78	81
79	78
80	83
81	88
82	93
83	86
84	104
85	92
86	102
87	86
88	73
89	105
90	83
91	89
92	81
93	80
94	91
95	94
96	96
97	106
98	112
99	84
100	107
101	89
102	106
103	98
104	88
105	94
106	98
107	86
108	87
109	89
110	87
111	89
112	74
113	69
114	73
115	98
116	90
117	87
118	80
119	66
120	94
121	90
122	73
123	74
124	99
125	85
126	78
127	93
128	82
129	83
130	82
131	84
132	98
133	82
134	101
135	100
136	90
137	76
138	98
139	77
140	94
141	81
142	84
143	75
144	85
145	73
146	77
147	92
148	83
149	74
150	105
151	69
152	81
153	66
154	105
155	99
156	90
157	78
158	84
159	84
160	83
161	78
162	96
163	77
164	78
165	79
166	86
167	64
168	71
169	91
170	94
171	71
172	76
173	92
174	84
175	83
176	77
177	94
178	71
179	98
180	78
181	76
182	69
183	74
184	75
185	85
186	72
187	89
188	75
189	81
190	86
191	75
192	75
193	79
194	79
195	77
196	87
197	79
198	77
199	72
200	83
201	78
202	82
203	78
204	85
205	80
206	81
207	88
208	78
209	69
210	67
211	91
212	93
213	91
214	77
215	73
216	88
217	78
218	82
219	77
220	67
221	80
222	70
223	89
224	82
225	83
226	79
227	93
228	89
229	79
230	80
231	101
232	89
233	81
234	106
235	106
236	102
237	76
238	82
239	82
240	92
241	107
242	88
243	81
244	94
245	82
246	93
247	76
248	75
249	96
250	87
251	91
252	89
253	84
254	70
255	104
256	101
257	64
258	82
259	85
260	76
261	89
262	70
263	83
264	85
265	98
266	75
267	83
268	78
269	99
270	77
271	70
272	84
273	92
274	79
275	91
276	77
277	82
278	76
279	78
280	94
281	88
282	68
283	73
284	88
285	82
286	75
287	75
288	79
289	85
290	101
291	79
292	67
293	67
294	80
295	77
296	97
297	93
298	73
299	100
300	92
301	66
302	92
303	74
304	81
305	66
306	77
307	66
308	87
309	69
310	71
311	77
312	78
313	68
314	85
315	75
316	76
317	70
318	73
319	86
320	72
321	66
322	62
323	74
324	75
325	65
326	67
327	64
328	61
329	51
330	68
331	76
332	79
333	66
334	82
335	80
336	77
337	72
338	63
339	73
340	80
341	63
342	71
343	76
344	73
345	81
346	75
347	62
348	56
349	67
350	77
351	78
352	63
353	71
354	73
355	75
356	70
357	64
358	73
359	71
360	70
361	73
362	77
363	72
364	74
365	78
366	76
367	82
368	67
369	92
370	83
371	65
372	66
373	85
374	75
375	78
376	66
377	69
378	64
379	72
380	64
381	52
382	80
383	87
384	66
385	74
386	83
387	81
388	56
389	67
390	78
391	58
392	66
393	72
394	65
395	82
396	59
397	73
398	64
399	70
400	57
401	75
402	66
403	61
404	67
405	86
406	44
407	62
408	62
409	57
410	47
411	53
412	48
413	56
414	72
415	52
416	52
417	53
418	53
419	60
420	56
421	49
422	60
423	44
424	58
425	42
426	55
427	56
428	52
429	37
430	54
431	44
432	36
433	44
434	47
435	48
436	39
437	44
438	46
439	40
440	61
441	39
442	50
443	48
444	36
445	40
446	37
447	47
448	39
449	41
450	34
451	39
452	34
453	40
454	40
455	40
456	43
457	39
458	33
459	34
460	34
461	28
462	25
463	32
464	34
465	31
466	28
467	33
468	26
469	25
470	39
471	40
472	40
473	29
474	17
475	33
476	33
477	27
478	23
479	29
480	31
481	29
482	20
483	29
484	18
485	28
486	30
487	23
488	38
489	33
490	29
491	17
492	24
493	27
494	22
495	36
496	10
497	26
498	37
499	33
500	21
501	18
502	25
503	22
504	28
505	24
506	22
507	28
508	28
509	26
510	24
511	24
512	17
513	23
514	22
515	21
516	17
517	22
518	21
519	24
520	21
521	28
522	28
523	14
524	19
525	20
526	8
527	22
528	21
529	21
530	27
531	20
532	32
533	23
534	13
535	18
536	26
537	38
538	27
539	22
540	21
541	19
542	28
543	25
544	15
545	17
546	28
547	22
548	17
549	16
550	26
551	31
552	25
553	21
554	21
555	10
556	21
557	33
558	29
559	16
560	17
561	25
562	23
563	18
564	24
565	28
566	18
567	23
568	19
569	15
570	20
571	21
572	25
573	21
574	17
575	19
576	23
577	29
578	33
579	36
580	20
581	27
582	24
583	31
584	36
585	22
586	41
587	33
588	31
589	26
590	46
591	51
592	52
593	44
594	46
595	61
596	57
597	62
598	47
599	73
600	79
601	72
602	70
603	82
604	90
605	74
606	100
607	109
608	98
609	122
610	115
611	125
612	140
613	164
614	155
615	180
616	148
617	182
618	192
619	209
620	178
621	210
622	213
623	227
624	229
625	269
626	263
627	258
628	271
629	264
630	319
631	314
632	317
633	324
634	350
635	370
636	362
637	373
638	400
639	372
640	423
641	411
642	463
643	436
644	427
645	389
646	437
647	423
648	473
649	480
650	490
651	434
652	444
653	427
654	445
655	486
656	499
657	474
658	461
659	435
660	442
661	441
662	390
663	401
664	404
665	395
666	393
667	374
668	412
669	380
670	346
671	371
672	346
673	295
674	319
675	297
676	250
677	263
678	283
679	206
680	213
681	194
682	202
683	195
684	156
685	173
686	161
687	157
688	135
689	145
690	140
691	127
692	117
693	94
694	92
695	104
696	80
697	92
698	82
699	81
700	63
701	72
702	58
703	53
704	43
705	49
706	50
707	40
708	44
709	33
710	38
711	35
712	39
713	33
714	23
715	30
716	27
717	35
718	25
719	20
720	29
721	14
722	20
723	16
724	24
725	21
726	17
727	15
728	21
729	21
730	17
731	8
732	21
733	25
734	13
735	16
736	19
737	15
738	17
739	15
740	10
741	17
742	14
743	17
744	11
745	14
746	13
747	9
748	19
749	16
750	14
751	13
752	17
753	15
754	8
755	17
756	8
757	14
758	16
759	16
760	9
761	13
762	17
763	17
764	16
765	18
766	15
767	7
768	17
769	15
770	23
771	9
772	10
773	7
774	19
775	21
776	17
777	16
778	14
779	7
780	9
781	16
782	17
783	12
784	25
785	16
786	16
787	16
788	15
789	10
790	9
791	11
792	20
793	10
794	12
795	19
796	15
797	18
798	10
799	15
800	9
801	9
802	18
803	12
804	15
805	17
806	22
807	11
808	9
809	9
810	22
811	12
812	15
813	20
814	15
815	15
816	3
817	11
818	12
819	9
820	15
821	16
822	12
823	9
824	8
825	13
826	8
827	13
828	20
829	12
830	15
831	15
832	11
833	13
834	12
835	8
836	12
837	18
838	13
839	19
840	15
841	12
842	16
843	13
844	22
845	11
846	20
847	15
848	20
849	8
850	15
851	12
852	19
853	10
854	12
855	10
856	13
857	15
858	11
859	16
860	9
861	18
862	22
863	16
864	16
865	16
866	10
867	16
868	15
869	17
870	10
871	13
872	19
873	17
874	17
875	18
876	17
877	15
878	16
879	15
880	12
881	19
882	11
883	12
884	16
885	18
886	27
887	16
888	14
889	13
890	23
891	12
892	13
893	17
894	12
895	15
896	21
897	16
898	14
899	18
900	20
901	11
902	20
903	18
904	16
905	15
906	13
907	17
908	14
909	14
910	10
911	13
912	16
913	6
914	19
915	19
916	28
917	15
918	12
919	13
920	20
921	17
922	21
923	15
924	15
925	15
926	12
927	16
928	22
929	10
930	14
931	15
932	27
933	9
934	15
935	19
936	13
937	17
938	14
939	21
940	18
941	15
942	13
943	11
944	19
945	23
946	15
947	18
948	11
949	14
950	22
951	15
952	16
953	14
954	16
955	12
956	9
957	17
958	14
959	6
960	17
961	22
962	17
963	15
964	12
965	13
966	14
967	17
968	16
969	9
970	8
971	24
972	15
973	17
974	23
975	13
976	14
977	20
978	22
979	19
980	16
981	12
982	15
983	20
984	17
985	14
986	7
987	15
988	16
989	13
990	18
991	20
992	15
993	6
994	9
995	25
996	17
997	19
998	20
999	7
1000	15
1001	15
1002	20
1003	19
1004	8
1005	15
1006	11
1007	22
1008	18
1009	26
1010	10
1011	13
1012	11
1013	15
1014	15
1015	18
1016	14
1017	18
1018	7
1019	12
1020	12
1021	13
1022	21
1023	15
1024	12
1025	22
1026	20
1027	15
1028	19
1029	21
1030	10
1031	9
1032	16
1033	14
1034	14
1035	17
1036	13
1037	19
1038	18
1039	11
1040	10
1041	11
1042	16
1043	19
1044	12
1045	17
1046	16
1047	14
1048	14
1049	17
1050	13
1051	13
1052	13
1053	18
1054	14
1055	12
1056	13
1057	8
1058	16
1059	13
1060	11
1061	17
1062	13
1063	17
1064	20
1065	8
1066	18
1067	16
1068	16
1069	11
1070	16
1071	10
1072	23
1073	13
1074	16
1075	13
1076	13
1077	16
1078	15
1079	8
1080	21
1081	8
1082	11
1083	19
1084	12
1085	15
1086	18
1087	19
1088	16
1089	15
1090	9
1091	13
1092	16
1093	10
1094	11
1095	16
1096	13
1097	18
1098	19
1099	14
1100	17
1101	19
1102	15
1103	16
1104	17
1105	13
1106	13
1107	15
1108	18
1109	12
1110	15
1111	14
1112	12
1113	17
1114	15
1115	15
1116	18
1117	14
1118	15
1119	16
1120	14
1121	19
1122	16
1123	13
1124	12
1125	17
1126	14
1127	8
1128	25
1129	15
1130	16
1131	15
1132	11
1133	15
1134	19
1135	12
1136	16
1137	20
1138	15
1139	12
1140	17
1141	9
1142	22
1143	16
1144	14
1145	14
1146	13
1147	19
1148	15
1149	15
1150	27
1151	12
1152	18
1153	12
1154	13
1155	13
1156	8
1157	16
1158	12
1159	18
1160	21
1161	20
1162	12
1163	16
1164	16
1165	12
1166	14
1167	14
1168	17
1169	18
1170	13
1171	18
1172	11
1173	16
1174	19
1175	21
1176	19
1177	19
1178	21
1179	20
1180	15
1181	12
1182	20
1183	17
1184	15
1185	15
1186	20
1187	20
1188	19
1189	15
1190	12
1191	12
1192	15
1193	15
1194	15
1195	13
1196	18
1197	24
1198	16
1199	20
1200	12
1201	11
1202	18
1203	25
1204	12
1205	14
1206	18
1207	15
1208	13
1209	19
1210	16
1211	14
1212	15
1213	23
1214	13
1215	19
1216	10
1217	17
1218	17
1219	18
1220	16
1221	18
1222	15
1223	17
1224	10
1225	13
1226	8
1227	10
1228	16
1229	14
1230	16
1231	11
1232	10
1233	12
1234	18
1235	14
1236	14
1237	15
1238	21
1239	15
1240	22
1241	11
1242	19
1243	15
1244	14
1245	9
1246	13
1247	21
1248	14
1249	20
1250	17
1251	18
1252	10
1253	15
1254	26
1255	16
1256	18
1257	12
1258	11
1259	15
1260	19
1261	12
1262	17
1263	11
1264	16
1265	15
1266	20
1267	12
1268	18
1269	10
1270	19
1271	13
1272	13
1273	16
1274	11
1275	17
1276	13
1277	15
1278	23
1279	18
1280	14
1281	14
1282	16
1283	12
1284	12
1285	15
1286	14
1287	15
1288	19
1289	17
1290	17
1291	22
1292	10
1293	14
1294	11
1295	20
1296	11
1297	14
1298	19
1299	11
1300	10
1301	11
1302	9
1303	11
1304	15
1305	8
1306	19
1307	9
1308	14
1309	12
1310	11
1311	15
1312	14
1313	5
1314	8
1315	18
1316	13
1317	13
1318	13
1319	7
1320	11
1321	14
1322	14
1323	9
1324	17
1325	13
1326	10
1327	8
1328	9
1329	10
1330	12
1331	13
1332	12
1333	11
1334	13
1335	9
1336	11
1337	15
1338	11
1339	12
1340	11
1341	6
1342	9
1343	9
1344	8
1345	12
1346	9
1347	8
1348	5
1349	9
1350	10
1351	8
1352	5
1353	12
1354	13
1355	11
1356	10
1357	9
1358	9
1359	4
1360	6
1361	11
1362	7
1363	9
1364	8
1365	7
1366	10
1367	7
1368	4
1369	10
1370	5
1371	6
1372	12
1373	7
1374	8
1375	10
1376	9
1377	16
1378	11
1379	8
1380	6
1381	5
1382	9
1383	11
1384	11
1385	3
1386	6
1387	6
1388	9
1389	9
1390	12
1391	6
1392	15
1393	11
1394	9
1395	10
1396	4
1397	10
1398	8
1399	5
1400	7
1401	10
1402	5
1403	4
1404	15
1405	3
1406	8
1407	7
1408	5
1409	12
1410	8
1411	11
1412	9
1413	7
1414	5
1415	3
1416	12
1417	6
1418	8
1419	5
1420	6
1421	7
1422	7
1423	7
1424	4
1425	8
1426	14
1427	4
1428	8
1429	7
1430	6
1431	5
1432	6
1433	10
1434	3
1435	5
1436	11
1437	4
1438	7
1439	5
1440	8
1441	7
1442	8
1443	6
1444	4
1445	4
1446	5
1447	5
1448	7
1449	6
1450	8
1451	7
1452	8
1453	8
1454	5
1455	9
1456	5
1457	6
1458	8
1459	6
1460	4
1461	5
1462	4
1463	2
1464	7
1465	4
1466	7
1467	7
1468	6
1469	10
1470	4
1471	3
1472	7
1473	12
1474	7
1475	10
1476	2
1477	3
1478	6
1479	6
1480	3
1481	7
1482	6
1483	10
1484	3
1485	12
1486	8
1487	15
1488	11
1489	8
1490	7
1491	9
1492	10
1493	11
1494	8
1495	12
1496	11
1497	16
1498	12
1499	5
1500	9
1501	11
1502	5
1503	7
1504	9
1505	8
1506	14
1507	7
1508	10
1509	9
1510	11
1511	9
1512	18
1513	15
1514	17
1515	8
1516	10
1517	16
1518	8
1519	11
1520	15
1521	14
1522	18
1523	16
1524	16
1525	16
1526	17
1527	19
1528	14
1529	18
1530	16
1531	24
1532	23
1533	20
1534	25
1535	9
1536	26
1537	12
1538	26
1539	29
1540	18
1541	33
1542	24
1543	31
1544	36
1545	34
1546	28
1547	29
1548	26
1549	21
1550	20
1551	36
1552	26
1553	23
1554	25
1555	36
1556	39
1557	24
1558	31
1559	49
1560	36
1561	37
1562	36
1563	37
1564	38
1565	52
1566	38
1567	42
1568	32
1569	47
1570	44
1571	44
1572	39
1573	57
1574	41
1575	42
1576	43
1577	52
1578	42
1579	53
1580	40
1581	29
1582	35
1583	60
1584	45
1585	44
1586	33
1587	57
1588	45
1589	49
1590	50
1591	36
1592	32
1593	38
1594	47
1595	36
1596	48
1597	31
1598	41
1599	47
1600	39
1601	43
1602	39
1603	39
1604	49
1605	42
1606	41
1607	33
1608	37
1609	37
1610	46
1611	37
1612	30
1613	38
1614	36
1615	45
1616	25
1617	32
1618	34
1619	20
1620	40
1621	34
1622	32
1623	25
1624	28
1625	32
1626	34
1627	26
1628	24
1629	21
1630	36
1631	22
1632	19
1633	26
1634	27
1635	23
1636	19
1637	25
1638	24
1639	20
1640	17
1641	20
1642	32
1643	19
1644	14
1645	18
1646	15
1647	18
1648	15
1649	16
1650	19
1651	14
1652	15
1653	18
1654	21
1655	19
1656	22
1657	16
1658	11
1659	11
1660	9
1661	7
1662	7
1663	17
1664	11
1665	12
1666	9
1667	9
1668	18
1669	6
1670	10
1671	14
1672	8
1673	8
1674	9
1675	11
1676	12
1677	10
1678	11
1679	7
1680	3
1681	11
1682	7
1683	7
1684	9
1685	8
1686	11
1687	6
1688	8
1689	8
1690	6
1691	5
1692	10
1693	6
1694	9
1695	11
1696	16
1697	5
1698	9
1699	13
1700	9
1701	6
1702	8
1703	9
1704	4
1705	10
1706	8
1707	7
1708	5
1709	7
1710	5
1711	10
1712	11
1713	10
1714	9
1715	9
1716	7
1717	6
1718	5
1719	8
1720	10
1721	6
1722	4
1723	5
1724	7
1725	4
1726	5
1727	4
1728	5
1729	10
1730	4
1731	7
1732	9
1733	8
1734	8
1735	5
1736	3
1737	7
1738	11
1739	7
1740	4
1741	9
1742	4
1743	9
1744	8
1745	8
1746	9
1747	5
1748	8
1749	7
1750	13
1751	5
1752	5
1753	10
1754	3
1755	5
1756	11
1757	7
1758	10
1759	10
1760	4
1761	6
1762	7
1763	6
1764	2
1765	9
1766	6
1767	5
1768	4
1769	3
1770	9
1771	5
1772	4
1773	7
1774	5
1775	11
1776	8
1777	6
1778	3
1779	4
1780	3
1781	6
1782	5
1783	7
1784	14
1785	5
1786	3
1787	5
1788	13
1789	10
1790	6
1791	9
1792	7
1793	3
1794	6
1795	7
1796	7
1797	7
1798	6
1799	5
1800	9
1801	3
1802	11
1803	4
1804	7
1805	7
1806	3
1807	11
1808	5
1809	7
1810	3
1811	8
1812	5
1813	9
1814	6
1815	5
1816	6
1817	11
1818	5
1819	8
1820	5
1821	6
1822	4
1823	5
1824	10
1825	13
1826	13
1827	3
1828	7
1829	6
1830	7
1831	7
1832	9
1833	7
1834	10
1835	3
1836	4
1837	8
1838	8
1839	5
1840	7
1841	9
1842	7
1843	10
1844	3
1845	2
1846	7
1847	4
1848	9
1849	6
1850	5
1851	14
1852	12
1853	6
1854	8
1855	2
1856	9
1857	3
1858	2
1859	7
1860	5
1861	8
1862	3
1863	10
1864	6
1865	6
1866	3
1867	6
1868	6
1869	5
1870	5
1871	7
1872	4
1873	5
1874	8
1875	6
1876	7
1877	12
1878	10
1879	10
1880	8
1881	3
1882	15
1883	6
1884	10
1885	10
1886	5
1887	6
1888	6
1889	9
1890	4
1891	7
1892	3
1893	10
1894	8
1895	13
1896	7
1897	9
1898	4
1899	6
1900	4
1901	6
1902	6
1903	5
1904	13
1905	8
1906	6
1907	4
1908	7
1909	10
1910	9
1911	9
1912	9
1913	5
1914	7
1915	5
1916	6
1917	3
1918	3
1919	5
1920	7
1921	10
1922	0
1923	8
1924	5
1925	5
1926	4
1927	6
1928	8
1929	6
1930	4
1931	4
1932	4
1933	5
1934	5
1935	8
1936	6
1937	8
1938	7
1939	5
1940	9
1941	6
1942	5
1943	11
1944	6
1945	7
1946	6
1947	3
1948	14
1949	5
1950	7
1951	3
1952	5
1953	6
1954	4
1955	14
1956	10
1957	6
1958	4
1959	3
1960	3
1961	5
1962	5
1963	4
1964	8
1965	6
1966	2
1967	3
1968	6
1969	4
1970	5
1971	2
1972	7
1973	6
1974	4
1975	3
1976	9
1977	5
1978	2
1979	0
1980	2
1981	3
1982	7
1983	3
1984	0
1985	0
1986	0
1987	0
1988	0
1989	0
1990	0
1991	0
1992	0
1993	0
1994	0
1995	0
1996	0
1997	0
1998	0
1999	0
2000	0
2001	0
2002	0
2003	0
2004	0
2005	0
2006	0
2007	0
2008	0
2009	0
2010	0
2011	0
2012	0
2013	0
2014	0
2015	0
2016	0
2017	0
2018	0
2019	0
2020	0
2021	0
2022	0
2023	0
2024	0
2025	0
2026	0
2027	0
2028	0
2029	0
2030	0
2031	0
2032	0
2033	0
2034	0
2035	0
2036	0
2037	0
2038	0
2039	0
2040	0
2041	0
2042	0
2043	0
2044	0
2045	0
2046	0
2047	0
