Filename:  D:\Backup\Documents\FMF\3. Letnik\Fizikalni Praktikum V\Gamma\Cs137_long_1.mca
Description:  
TimeStamp:  10/14/2021 17:29:48

Spectral Data Information
Channel	Data
0	0
1	0
2	0
3	0
4	0
5	0
6	0
7	0
8	0
9	0
10	0
11	0
12	0
13	0
14	0
15	0
16	0
17	0
18	0
19	0
20	0
21	0
22	0
23	0
24	0
25	0
26	0
27	0
28	0
29	0
30	0
31	0
32	0
33	0
34	0
35	0
36	0
37	0
38	0
39	0
40	0
41	0
42	0
43	0
44	0
45	1
46	25
47	66
48	79
49	67
50	77
51	75
52	70
53	82
54	70
55	67
56	73
57	77
58	79
59	72
60	64
61	68
62	63
63	89
64	74
65	86
66	65
67	82
68	79
69	94
70	72
71	80
72	72
73	69
74	80
75	83
76	79
77	62
78	86
79	88
80	85
81	74
82	73
83	81
84	84
85	89
86	82
87	87
88	72
89	83
90	87
91	64
92	73
93	91
94	92
95	83
96	83
97	65
98	82
99	78
100	92
101	81
102	78
103	88
104	81
105	91
106	77
107	80
108	90
109	88
110	84
111	86
112	77
113	92
114	98
115	90
116	98
117	82
118	82
119	83
120	89
121	82
122	84
123	90
124	79
125	84
126	81
127	86
128	66
129	77
130	79
131	93
132	77
133	82
134	74
135	91
136	82
137	86
138	80
139	71
140	79
141	77
142	83
143	74
144	86
145	91
146	63
147	76
148	63
149	61
150	71
151	86
152	62
153	80
154	75
155	71
156	85
157	75
158	85
159	100
160	71
161	73
162	80
163	74
164	79
165	67
166	80
167	60
168	110
169	70
170	72
171	83
172	82
173	90
174	85
175	71
176	66
177	73
178	81
179	84
180	67
181	74
182	63
183	95
184	69
185	79
186	70
187	69
188	72
189	77
190	77
191	65
192	80
193	77
194	74
195	73
196	81
197	69
198	78
199	66
200	67
201	63
202	67
203	68
204	74
205	91
206	61
207	71
208	71
209	59
210	73
211	68
212	85
213	77
214	67
215	61
216	60
217	73
218	77
219	81
220	71
221	61
222	70
223	61
224	71
225	71
226	82
227	78
228	74
229	75
230	88
231	81
232	73
233	79
234	73
235	77
236	96
237	64
238	78
239	76
240	75
241	85
242	66
243	75
244	85
245	72
246	91
247	74
248	80
249	86
250	88
251	82
252	64
253	64
254	85
255	79
256	85
257	86
258	84
259	66
260	83
261	93
262	92
263	73
264	90
265	76
266	79
267	75
268	87
269	65
270	76
271	69
272	74
273	78
274	84
275	64
276	86
277	96
278	79
279	76
280	77
281	61
282	68
283	96
284	75
285	76
286	87
287	79
288	83
289	82
290	67
291	77
292	86
293	78
294	91
295	68
296	81
297	74
298	70
299	76
300	65
301	77
302	83
303	72
304	71
305	62
306	69
307	61
308	77
309	53
310	72
311	81
312	80
313	64
314	61
315	61
316	61
317	81
318	65
319	64
320	64
321	77
322	65
323	58
324	56
325	56
326	74
327	75
328	56
329	51
330	68
331	62
332	60
333	64
334	61
335	76
336	70
337	45
338	62
339	56
340	61
341	64
342	76
343	68
344	56
345	62
346	60
347	63
348	55
349	60
350	58
351	68
352	62
353	57
354	61
355	64
356	58
357	45
358	59
359	58
360	70
361	67
362	58
363	65
364	54
365	54
366	61
367	68
368	58
369	40
370	51
371	72
372	66
373	70
374	48
375	55
376	47
377	63
378	67
379	67
380	48
381	59
382	60
383	45
384	60
385	54
386	51
387	67
388	66
389	62
390	60
391	63
392	62
393	59
394	56
395	53
396	50
397	68
398	53
399	61
400	44
401	61
402	47
403	65
404	49
405	75
406	60
407	51
408	58
409	71
410	65
411	58
412	59
413	48
414	55
415	72
416	47
417	50
418	45
419	63
420	42
421	58
422	79
423	48
424	64
425	63
426	56
427	50
428	49
429	60
430	47
431	45
432	59
433	60
434	41
435	60
436	61
437	62
438	39
439	47
440	53
441	48
442	63
443	61
444	68
445	48
446	58
447	57
448	59
449	63
450	56
451	60
452	66
453	56
454	56
455	57
456	54
457	47
458	53
459	61
460	52
461	61
462	43
463	62
464	61
465	55
466	57
467	45
468	61
469	57
470	57
471	59
472	56
473	43
474	67
475	61
476	52
477	61
478	46
479	46
480	44
481	46
482	50
483	62
484	55
485	46
486	63
487	46
488	47
489	47
490	51
491	56
492	51
493	50
494	54
495	45
496	56
497	44
498	53
499	52
500	45
501	58
502	55
503	56
504	54
505	45
506	51
507	57
508	53
509	49
510	58
511	55
512	60
513	51
514	65
515	55
516	58
517	47
518	44
519	69
520	44
521	53
522	62
523	54
524	38
525	61
526	60
527	51
528	56
529	62
530	53
531	63
532	54
533	50
534	55
535	48
536	59
537	49
538	54
539	54
540	56
541	56
542	51
543	52
544	53
545	57
546	60
547	57
548	57
549	50
550	56
551	61
552	51
553	54
554	48
555	51
556	50
557	59
558	52
559	46
560	61
561	48
562	51
563	52
564	68
565	50
566	49
567	55
568	42
569	50
570	58
571	58
572	60
573	58
574	53
575	50
576	53
577	52
578	61
579	40
580	40
581	45
582	61
583	54
584	28
585	51
586	42
587	42
588	46
589	36
590	47
591	28
592	49
593	43
594	42
595	29
596	38
597	37
598	33
599	23
600	28
601	34
602	37
603	27
604	33
605	28
606	34
607	28
608	26
609	27
610	23
611	33
612	27
613	24
614	30
615	31
616	32
617	28
618	27
619	21
620	22
621	18
622	26
623	31
624	17
625	21
626	18
627	18
628	21
629	15
630	27
631	14
632	20
633	17
634	11
635	18
636	16
637	18
638	12
639	11
640	18
641	22
642	11
643	14
644	14
645	18
646	14
647	6
648	14
649	10
650	10
651	19
652	17
653	14
654	10
655	19
656	16
657	5
658	23
659	17
660	7
661	11
662	11
663	12
664	13
665	10
666	10
667	11
668	10
669	9
670	9
671	11
672	8
673	9
674	9
675	6
676	16
677	12
678	8
679	6
680	8
681	7
682	8
683	14
684	8
685	11
686	12
687	8
688	10
689	3
690	8
691	9
692	8
693	8
694	10
695	9
696	9
697	5
698	7
699	5
700	7
701	5
702	6
703	3
704	5
705	7
706	8
707	5
708	5
709	9
710	4
711	4
712	14
713	12
714	6
715	8
716	9
717	6
718	1
719	2
720	8
721	9
722	4
723	10
724	16
725	8
726	5
727	8
728	7
729	3
730	11
731	4
732	12
733	9
734	8
735	9
736	7
737	6
738	12
739	7
740	6
741	6
742	9
743	7
744	8
745	13
746	4
747	15
748	12
749	9
750	10
751	6
752	13
753	10
754	7
755	9
756	12
757	10
758	15
759	11
760	18
761	22
762	17
763	14
764	14
765	16
766	19
767	20
768	17
769	22
770	19
771	25
772	16
773	33
774	30
775	30
776	30
777	31
778	36
779	35
780	29
781	42
782	53
783	38
784	45
785	64
786	50
787	62
788	69
789	66
790	81
791	87
792	87
793	92
794	104
795	82
796	108
797	119
798	107
799	117
800	129
801	134
802	129
803	144
804	171
805	148
806	184
807	192
808	211
809	187
810	211
811	194
812	217
813	220
814	231
815	209
816	246
817	236
818	232
819	271
820	274
821	269
822	262
823	294
824	275
825	316
826	299
827	341
828	303
829	298
830	358
831	361
832	359
833	348
834	362
835	359
836	363
837	400
838	363
839	371
840	335
841	358
842	400
843	325
844	325
845	361
846	368
847	353
848	340
849	332
850	318
851	359
852	315
853	355
854	328
855	321
856	323
857	318
858	278
859	259
860	288
861	254
862	243
863	273
864	233
865	219
866	238
867	215
868	201
869	193
870	221
871	193
872	193
873	208
874	170
875	154
876	143
877	138
878	121
879	112
880	115
881	130
882	126
883	107
884	87
885	85
886	85
887	85
888	64
889	68
890	68
891	59
892	67
893	63
894	47
895	41
896	45
897	42
898	39
899	33
900	37
901	35
902	20
903	20
904	14
905	17
906	27
907	15
908	20
909	21
910	16
911	15
912	10
913	11
914	7
915	4
916	8
917	9
918	4
919	9
920	4
921	8
922	1
923	5
924	5
925	3
926	6
927	1
928	1
929	1
930	2
931	2
932	0
933	0
934	1
935	1
936	1
937	1
938	1
939	1
940	1
941	0
942	1
943	2
944	1
945	0
946	1
947	1
948	1
949	3
950	0
951	1
952	1
953	2
954	2
955	1
956	3
957	1
958	1
959	0
960	0
961	1
962	0
963	0
964	0
965	0
966	2
967	0
968	2
969	0
970	0
971	1
972	1
973	0
974	2
975	1
976	0
977	1
978	1
979	0
980	2
981	0
982	0
983	2
984	1
985	0
986	0
987	0
988	0
989	0
990	0
991	1
992	0
993	1
994	1
995	0
996	1
997	0
998	0
999	0
1000	2
1001	1
1002	0
1003	1
1004	3
1005	0
1006	1
1007	1
1008	0
1009	1
1010	0
1011	2
1012	0
1013	0
1014	2
1015	0
1016	2
1017	1
1018	0
1019	1
1020	1
1021	3
1022	2
1023	0
1024	0
1025	3
1026	0
1027	0
1028	0
1029	2
1030	0
1031	2
1032	0
1033	2
1034	2
1035	2
1036	0
1037	2
1038	2
1039	0
1040	0
1041	0
1042	0
1043	0
1044	0
1045	0
1046	1
1047	0
1048	2
1049	1
1050	1
1051	0
1052	2
1053	0
1054	0
1055	0
1056	0
1057	0
1058	0
1059	2
1060	0
1061	1
1062	0
1063	1
1064	0
1065	0
1066	0
1067	0
1068	1
1069	1
1070	1
1071	0
1072	1
1073	1
1074	3
1075	0
1076	1
1077	1
1078	0
1079	1
1080	0
1081	0
1082	0
1083	0
1084	0
1085	0
1086	1
1087	2
1088	2
1089	0
1090	1
1091	0
1092	0
1093	0
1094	0
1095	1
1096	0
1097	0
1098	0
1099	0
1100	0
1101	0
1102	1
1103	0
1104	0
1105	3
1106	0
1107	1
1108	0
1109	0
1110	1
1111	1
1112	0
1113	1
1114	1
1115	2
1116	1
1117	0
1118	0
1119	1
1120	1
1121	1
1122	0
1123	0
1124	1
1125	0
1126	2
1127	0
1128	0
1129	0
1130	0
1131	0
1132	1
1133	0
1134	0
1135	0
1136	0
1137	0
1138	0
1139	1
1140	2
1141	2
1142	0
1143	1
1144	0
1145	2
1146	1
1147	0
1148	0
1149	0
1150	0
1151	0
1152	0
1153	0
1154	0
1155	2
1156	0
1157	1
1158	1
1159	1
1160	1
1161	1
1162	1
1163	0
1164	1
1165	0
1166	0
1167	1
1168	1
1169	0
1170	0
1171	0
1172	1
1173	0
1174	0
1175	1
1176	0
1177	2
1178	0
1179	0
1180	0
1181	0
1182	0
1183	2
1184	0
1185	1
1186	0
1187	0
1188	3
1189	0
1190	0
1191	0
1192	1
1193	1
1194	0
1195	0
1196	0
1197	1
1198	2
1199	0
1200	2
1201	1
1202	0
1203	1
1204	1
1205	0
1206	1
1207	0
1208	0
1209	1
1210	0
1211	0
1212	0
1213	1
1214	0
1215	2
1216	1
1217	0
1218	0
1219	1
1220	0
1221	2
1222	0
1223	1
1224	0
1225	1
1226	2
1227	0
1228	0
1229	0
1230	0
1231	0
1232	0
1233	0
1234	0
1235	1
1236	0
1237	0
1238	0
1239	0
1240	0
1241	0
1242	1
1243	0
1244	0
1245	0
1246	1
1247	0
1248	0
1249	0
1250	0
1251	0
1252	1
1253	0
1254	1
1255	0
1256	2
1257	0
1258	0
1259	0
1260	0
1261	0
1262	0
1263	0
1264	0
1265	0
1266	1
1267	0
1268	2
1269	0
1270	0
1271	0
1272	1
1273	0
1274	1
1275	1
1276	1
1277	0
1278	0
1279	0
1280	0
1281	0
1282	1
1283	1
1284	0
1285	1
1286	0
1287	0
1288	1
1289	0
1290	0
1291	0
1292	0
1293	0
1294	0
1295	1
1296	0
1297	0
1298	0
1299	0
1300	0
1301	0
1302	0
1303	0
1304	0
1305	1
1306	0
1307	1
1308	0
1309	0
1310	0
1311	2
1312	0
1313	0
1314	0
1315	0
1316	0
1317	0
1318	1
1319	0
1320	0
1321	0
1322	0
1323	0
1324	0
1325	0
1326	0
1327	0
1328	1
1329	0
1330	1
1331	0
1332	0
1333	0
1334	1
1335	0
1336	0
1337	2
1338	2
1339	0
1340	0
1341	1
1342	2
1343	0
1344	0
1345	0
1346	2
1347	0
1348	0
1349	1
1350	0
1351	0
1352	0
1353	0
1354	1
1355	1
1356	0
1357	0
1358	0
1359	0
1360	0
1361	1
1362	0
1363	1
1364	0
1365	1
1366	1
1367	2
1368	1
1369	0
1370	0
1371	1
1372	0
1373	1
1374	0
1375	0
1376	0
1377	1
1378	0
1379	1
1380	1
1381	1
1382	0
1383	2
1384	0
1385	1
1386	0
1387	1
1388	1
1389	0
1390	0
1391	1
1392	1
1393	0
1394	0
1395	0
1396	0
1397	1
1398	1
1399	1
1400	0
1401	0
1402	1
1403	0
1404	1
1405	0
1406	0
1407	1
1408	1
1409	1
1410	0
1411	0
1412	1
1413	0
1414	1
1415	0
1416	0
1417	0
1418	0
1419	0
1420	0
1421	0
1422	0
1423	2
1424	0
1425	0
1426	1
1427	1
1428	0
1429	1
1430	2
1431	0
1432	0
1433	0
1434	0
1435	0
1436	0
1437	1
1438	0
1439	0
1440	1
1441	0
1442	0
1443	0
1444	0
1445	0
1446	0
1447	0
1448	1
1449	0
1450	0
1451	1
1452	1
1453	1
1454	0
1455	0
1456	0
1457	0
1458	0
1459	1
1460	0
1461	0
1462	1
1463	0
1464	0
1465	0
1466	0
1467	1
1468	0
1469	0
1470	3
1471	1
1472	1
1473	0
1474	0
1475	1
1476	3
1477	1
1478	0
1479	0
1480	0
1481	1
1482	0
1483	0
1484	0
1485	0
1486	0
1487	0
1488	2
1489	0
1490	0
1491	0
1492	0
1493	0
1494	0
1495	0
1496	0
1497	0
1498	0
1499	0
1500	0
1501	1
1502	0
1503	1
1504	1
1505	0
1506	0
1507	0
1508	0
1509	1
1510	0
1511	0
1512	0
1513	0
1514	1
1515	0
1516	1
1517	1
1518	1
1519	1
1520	0
1521	0
1522	0
1523	0
1524	1
1525	0
1526	0
1527	0
1528	0
1529	2
1530	0
1531	1
1532	1
1533	1
1534	0
1535	1
1536	0
1537	1
1538	0
1539	0
1540	1
1541	0
1542	0
1543	3
1544	0
1545	1
1546	0
1547	0
1548	1
1549	0
1550	0
1551	0
1552	2
1553	0
1554	0
1555	0
1556	0
1557	0
1558	0
1559	0
1560	1
1561	0
1562	0
1563	0
1564	0
1565	1
1566	0
1567	0
1568	0
1569	2
1570	0
1571	0
1572	0
1573	0
1574	0
1575	0
1576	0
1577	0
1578	0
1579	0
1580	0
1581	2
1582	0
1583	0
1584	1
1585	0
1586	0
1587	0
1588	1
1589	0
1590	1
1591	0
1592	0
1593	0
1594	1
1595	0
1596	0
1597	0
1598	0
1599	1
1600	0
1601	1
1602	0
1603	0
1604	1
1605	0
1606	0
1607	1
1608	0
1609	0
1610	0
1611	0
1612	0
1613	0
1614	0
1615	0
1616	0
1617	0
1618	0
1619	0
1620	1
1621	0
1622	0
1623	0
1624	0
1625	0
1626	0
1627	0
1628	0
1629	0
1630	1
1631	0
1632	0
1633	0
1634	2
1635	0
1636	0
1637	0
1638	0
1639	1
1640	0
1641	0
1642	1
1643	0
1644	0
1645	0
1646	0
1647	0
1648	0
1649	1
1650	0
1651	2
1652	0
1653	0
1654	0
1655	0
1656	0
1657	0
1658	0
1659	0
1660	1
1661	0
1662	0
1663	0
1664	0
1665	0
1666	0
1667	1
1668	0
1669	0
1670	0
1671	1
1672	0
1673	0
1674	0
1675	0
1676	0
1677	0
1678	0
1679	1
1680	2
1681	1
1682	0
1683	1
1684	0
1685	1
1686	0
1687	0
1688	0
1689	0
1690	0
1691	0
1692	0
1693	0
1694	0
1695	1
1696	0
1697	0
1698	0
1699	2
1700	0
1701	0
1702	0
1703	2
1704	0
1705	0
1706	0
1707	0
1708	0
1709	0
1710	0
1711	1
1712	1
1713	0
1714	0
1715	0
1716	0
1717	0
1718	1
1719	0
1720	0
1721	0
1722	0
1723	1
1724	0
1725	1
1726	0
1727	0
1728	1
1729	0
1730	0
1731	0
1732	0
1733	0
1734	0
1735	0
1736	0
1737	0
1738	0
1739	0
1740	0
1741	0
1742	0
1743	0
1744	0
1745	0
1746	1
1747	0
1748	0
1749	0
1750	0
1751	0
1752	0
1753	0
1754	0
1755	0
1756	0
1757	0
1758	0
1759	0
1760	1
1761	0
1762	1
1763	0
1764	0
1765	0
1766	0
1767	0
1768	0
1769	0
1770	1
1771	0
1772	0
1773	0
1774	0
1775	0
1776	0
1777	1
1778	0
1779	0
1780	1
1781	0
1782	0
1783	2
1784	0
1785	1
1786	0
1787	0
1788	0
1789	0
1790	0
1791	0
1792	0
1793	0
1794	1
1795	0
1796	1
1797	0
1798	1
1799	0
1800	0
1801	0
1802	0
1803	1
1804	0
1805	0
1806	1
1807	0
1808	0
1809	1
1810	0
1811	0
1812	0
1813	0
1814	0
1815	0
1816	1
1817	0
1818	0
1819	0
1820	0
1821	0
1822	0
1823	0
1824	0
1825	0
1826	0
1827	0
1828	1
1829	0
1830	1
1831	0
1832	0
1833	0
1834	0
1835	0
1836	0
1837	1
1838	3
1839	1
1840	1
1841	0
1842	0
1843	0
1844	1
1845	0
1846	0
1847	0
1848	0
1849	0
1850	0
1851	0
1852	0
1853	0
1854	0
1855	0
1856	0
1857	0
1858	0
1859	1
1860	0
1861	1
1862	0
1863	0
1864	0
1865	0
1866	0
1867	0
1868	0
1869	0
1870	0
1871	0
1872	0
1873	0
1874	0
1875	0
1876	0
1877	1
1878	0
1879	1
1880	1
1881	0
1882	0
1883	0
1884	0
1885	0
1886	1
1887	0
1888	0
1889	1
1890	0
1891	0
1892	0
1893	0
1894	0
1895	0
1896	0
1897	0
1898	0
1899	1
1900	0
1901	0
1902	0
1903	0
1904	1
1905	0
1906	0
1907	0
1908	0
1909	0
1910	0
1911	0
1912	0
1913	0
1914	0
1915	0
1916	0
1917	0
1918	0
1919	0
1920	0
1921	1
1922	0
1923	0
1924	0
1925	1
1926	0
1927	0
1928	0
1929	0
1930	0
1931	1
1932	0
1933	0
1934	0
1935	0
1936	0
1937	0
1938	0
1939	0
1940	0
1941	0
1942	0
1943	0
1944	0
1945	1
1946	0
1947	0
1948	0
1949	0
1950	0
1951	0
1952	0
1953	0
1954	0
1955	0
1956	0
1957	0
1958	0
1959	0
1960	0
1961	1
1962	0
1963	0
1964	0
1965	0
1966	0
1967	0
1968	0
1969	0
1970	0
1971	0
1972	0
1973	0
1974	0
1975	0
1976	0
1977	0
1978	0
1979	0
1980	0
1981	0
1982	0
1983	1
1984	0
1985	0
1986	0
1987	0
1988	0
1989	0
1990	0
1991	0
1992	0
1993	0
1994	0
1995	0
1996	0
1997	0
1998	0
1999	0
2000	0
2001	0
2002	0
2003	0
2004	0
2005	0
2006	0
2007	0
2008	0
2009	0
2010	0
2011	0
2012	0
2013	0
2014	0
2015	0
2016	0
2017	0
2018	0
2019	0
2020	0
2021	0
2022	0
2023	0
2024	0
2025	0
2026	0
2027	0
2028	0
2029	0
2030	0
2031	0
2032	0
2033	0
2034	0
2035	0
2036	0
2037	0
2038	0
2039	0
2040	0
2041	0
2042	0
2043	0
2044	0
2045	0
2046	0
2047	0
