Filename:  D:\Backup\Documents\FMF\3. Letnik\Fizikalni Praktikum V\Gamma\BG_100_2.mca
Description:  
TimeStamp:  10/14/2021 17:46:59

Calibration Information
Label:  keV
Channel	Value
0	0
644	511
1515	1277
A	B	C
-4.356e-012	0.756934	5.67463e-005

Spectral Data Information
Channel	Data
0	0
1	0
2	0
3	0
4	0
5	0
6	0
7	0
8	0
9	0
10	0
11	0
12	0
13	0
14	0
15	0
16	0
17	0
18	0
19	0
20	0
21	0
22	0
23	0
24	0
25	0
26	0
27	0
28	0
29	0
30	0
31	0
32	0
33	0
34	0
35	0
36	0
37	0
38	0
39	0
40	0
41	0
42	0
43	0
44	0
45	0
46	2
47	9
48	23
49	15
50	18
51	18
52	15
53	14
54	16
55	12
56	19
57	14
58	11
59	20
60	18
61	20
62	16
63	18
64	27
65	30
66	25
67	28
68	16
69	35
70	28
71	40
72	40
73	25
74	32
75	39
76	31
77	37
78	30
79	34
80	34
81	40
82	34
83	43
84	38
85	40
86	42
87	40
88	40
89	38
90	48
91	46
92	56
93	52
94	44
95	38
96	51
97	49
98	52
99	42
100	38
101	55
102	49
103	50
104	50
105	47
106	59
107	45
108	52
109	57
110	37
111	54
112	52
113	47
114	50
115	45
116	60
117	49
118	40
119	40
120	46
121	43
122	38
123	56
124	36
125	42
126	43
127	56
128	54
129	57
130	46
131	41
132	48
133	40
134	38
135	48
136	45
137	41
138	50
139	46
140	47
141	40
142	57
143	46
144	55
145	46
146	36
147	49
148	42
149	33
150	53
151	45
152	41
153	45
154	32
155	44
156	42
157	35
158	37
159	50
160	41
161	38
162	51
163	40
164	43
165	30
166	37
167	46
168	31
169	42
170	41
171	33
172	47
173	36
174	39
175	27
176	32
177	35
178	35
179	26
180	27
181	49
182	29
183	31
184	33
185	45
186	42
187	40
188	31
189	35
190	31
191	37
192	22
193	37
194	36
195	27
196	22
197	37
198	32
199	37
200	31
201	29
202	23
203	23
204	15
205	30
206	38
207	29
208	35
209	27
210	20
211	29
212	30
213	24
214	33
215	30
216	31
217	26
218	22
219	23
220	25
221	34
222	17
223	21
224	23
225	26
226	33
227	17
228	25
229	17
230	16
231	24
232	29
233	33
234	25
235	32
236	29
237	28
238	22
239	20
240	30
241	23
242	18
243	19
244	23
245	25
246	18
247	16
248	16
249	19
250	17
251	22
252	26
253	13
254	20
255	20
256	21
257	14
258	15
259	20
260	17
261	24
262	16
263	19
264	24
265	17
266	20
267	12
268	14
269	17
270	16
271	17
272	14
273	16
274	19
275	32
276	24
277	18
278	23
279	23
280	24
281	12
282	24
283	13
284	20
285	26
286	19
287	20
288	16
289	22
290	21
291	19
292	18
293	18
294	17
295	18
296	18
297	19
298	13
299	18
300	24
301	22
302	13
303	14
304	19
305	6
306	14
307	16
308	13
309	15
310	17
311	9
312	15
313	17
314	21
315	13
316	13
317	13
318	11
319	12
320	15
321	12
322	16
323	13
324	11
325	12
326	11
327	16
328	11
329	13
330	15
331	12
332	19
333	11
334	12
335	12
336	10
337	11
338	11
339	10
340	11
341	13
342	13
343	13
344	11
345	12
346	12
347	10
348	10
349	14
350	12
351	8
352	15
353	21
354	6
355	5
356	8
357	14
358	14
359	6
360	9
361	16
362	10
363	8
364	8
365	3
366	9
367	11
368	6
369	10
370	10
371	9
372	5
373	11
374	12
375	9
376	10
377	5
378	14
379	12
380	5
381	13
382	8
383	5
384	9
385	11
386	7
387	9
388	6
389	9
390	8
391	7
392	12
393	9
394	9
395	9
396	7
397	10
398	11
399	7
400	9
401	9
402	3
403	10
404	3
405	9
406	2
407	10
408	6
409	8
410	10
411	5
412	7
413	11
414	4
415	4
416	11
417	9
418	7
419	8
420	6
421	10
422	9
423	3
424	6
425	6
426	8
427	7
428	9
429	12
430	10
431	7
432	14
433	10
434	8
435	10
436	5
437	9
438	6
439	8
440	8
441	3
442	10
443	8
444	4
445	15
446	8
447	7
448	10
449	12
450	9
451	13
452	7
453	6
454	6
455	10
456	4
457	6
458	6
459	9
460	7
461	6
462	4
463	9
464	3
465	5
466	7
467	7
468	7
469	6
470	5
471	5
472	3
473	2
474	10
475	6
476	6
477	4
478	5
479	7
480	9
481	6
482	4
483	6
484	6
485	8
486	5
487	5
488	2
489	3
490	3
491	4
492	4
493	5
494	2
495	2
496	3
497	2
498	3
499	3
500	4
501	7
502	3
503	4
504	6
505	3
506	4
507	5
508	3
509	4
510	3
511	4
512	4
513	4
514	2
515	4
516	2
517	9
518	5
519	6
520	5
521	5
522	2
523	4
524	2
525	5
526	3
527	2
528	7
529	2
530	3
531	2
532	3
533	7
534	3
535	2
536	3
537	9
538	1
539	2
540	6
541	3
542	4
543	4
544	3
545	5
546	3
547	3
548	3
549	3
550	3
551	1
552	3
553	3
554	3
555	5
556	6
557	2
558	0
559	2
560	3
561	2
562	3
563	1
564	3
565	4
566	5
567	3
568	0
569	3
570	7
571	2
572	3
573	4
574	1
575	5
576	1
577	1
578	5
579	6
580	7
581	4
582	5
583	4
584	9
585	0
586	0
587	2
588	3
589	5
590	4
591	2
592	2
593	3
594	3
595	7
596	0
597	5
598	2
599	3
600	3
601	3
602	3
603	3
604	2
605	2
606	5
607	2
608	2
609	3
610	1
611	2
612	3
613	3
614	4
615	2
616	1
617	3
618	2
619	3
620	4
621	2
622	1
623	2
624	3
625	1
626	1
627	3
628	1
629	1
630	2
631	3
632	6
633	3
634	2
635	5
636	2
637	3
638	1
639	2
640	1
641	1
642	4
643	6
644	5
645	0
646	3
647	7
648	3
649	3
650	3
651	5
652	3
653	3
654	1
655	5
656	0
657	4
658	7
659	5
660	2
661	2
662	5
663	7
664	4
665	5
666	1
667	2
668	2
669	4
670	3
671	2
672	0
673	4
674	2
675	3
676	5
677	2
678	4
679	2
680	4
681	1
682	3
683	2
684	1
685	5
686	1
687	1
688	2
689	3
690	3
691	3
692	1
693	2
694	1
695	4
696	3
697	1
698	3
699	2
700	2
701	2
702	3
703	2
704	0
705	1
706	2
707	1
708	4
709	2
710	5
711	2
712	1
713	2
714	0
715	3
716	1
717	1
718	2
719	3
720	1
721	3
722	1
723	0
724	1
725	1
726	2
727	1
728	2
729	4
730	3
731	4
732	3
733	1
734	1
735	2
736	4
737	1
738	1
739	4
740	2
741	2
742	2
743	3
744	1
745	0
746	5
747	2
748	3
749	2
750	2
751	2
752	0
753	4
754	4
755	2
756	2
757	5
758	1
759	4
760	1
761	4
762	2
763	2
764	2
765	3
766	5
767	3
768	5
769	0
770	2
771	0
772	2
773	2
774	2
775	4
776	5
777	4
778	3
779	3
780	0
781	5
782	2
783	4
784	6
785	0
786	3
787	3
788	1
789	2
790	2
791	1
792	0
793	2
794	2
795	1
796	4
797	2
798	1
799	1
800	2
801	3
802	2
803	5
804	2
805	1
806	3
807	2
808	1
809	1
810	1
811	0
812	2
813	3
814	0
815	2
816	1
817	3
818	1
819	1
820	1
821	2
822	2
823	0
824	3
825	0
826	1
827	0
828	0
829	2
830	4
831	1
832	4
833	5
834	0
835	2
836	0
837	2
838	1
839	0
840	1
841	2
842	2
843	2
844	0
845	1
846	1
847	4
848	3
849	1
850	1
851	1
852	0
853	1
854	0
855	0
856	2
857	1
858	1
859	1
860	2
861	2
862	1
863	1
864	1
865	2
866	0
867	0
868	3
869	1
870	2
871	1
872	4
873	0
874	2
875	0
876	2
877	2
878	1
879	2
880	0
881	1
882	1
883	0
884	1
885	1
886	1
887	2
888	1
889	0
890	1
891	2
892	1
893	1
894	1
895	0
896	0
897	3
898	0
899	1
900	1
901	0
902	2
903	1
904	1
905	2
906	0
907	2
908	0
909	0
910	1
911	1
912	2
913	0
914	2
915	1
916	2
917	2
918	3
919	2
920	3
921	1
922	1
923	0
924	0
925	0
926	0
927	0
928	1
929	2
930	0
931	0
932	0
933	0
934	1
935	1
936	2
937	2
938	1
939	0
940	1
941	1
942	1
943	2
944	0
945	0
946	0
947	4
948	2
949	2
950	1
951	0
952	2
953	1
954	1
955	1
956	1
957	2
958	1
959	1
960	1
961	4
962	0
963	2
964	3
965	1
966	1
967	1
968	1
969	1
970	0
971	1
972	0
973	0
974	1
975	2
976	2
977	0
978	0
979	1
980	2
981	3
982	2
983	0
984	0
985	1
986	2
987	1
988	3
989	2
990	4
991	0
992	4
993	0
994	0
995	0
996	2
997	0
998	2
999	2
1000	1
1001	1
1002	0
1003	1
1004	1
1005	4
1006	1
1007	0
1008	0
1009	1
1010	0
1011	1
1012	0
1013	1
1014	1
1015	0
1016	2
1017	2
1018	0
1019	0
1020	0
1021	1
1022	4
1023	2
1024	2
1025	0
1026	1
1027	0
1028	0
1029	0
1030	4
1031	1
1032	0
1033	2
1034	1
1035	0
1036	1
1037	2
1038	2
1039	0
1040	0
1041	1
1042	0
1043	0
1044	0
1045	1
1046	3
1047	0
1048	0
1049	1
1050	1
1051	3
1052	0
1053	0
1054	2
1055	2
1056	3
1057	0
1058	0
1059	1
1060	1
1061	0
1062	1
1063	1
1064	1
1065	0
1066	0
1067	2
1068	2
1069	0
1070	1
1071	2
1072	0
1073	3
1074	0
1075	0
1076	0
1077	1
1078	0
1079	0
1080	2
1081	1
1082	1
1083	2
1084	0
1085	1
1086	2
1087	0
1088	0
1089	2
1090	0
1091	0
1092	2
1093	0
1094	0
1095	3
1096	2
1097	0
1098	1
1099	0
1100	1
1101	0
1102	1
1103	0
1104	1
1105	0
1106	2
1107	2
1108	0
1109	2
1110	0
1111	2
1112	0
1113	1
1114	0
1115	2
1116	4
1117	0
1118	2
1119	2
1120	1
1121	0
1122	1
1123	0
1124	3
1125	2
1126	0
1127	0
1128	0
1129	1
1130	0
1131	0
1132	2
1133	0
1134	1
1135	1
1136	1
1137	0
1138	3
1139	3
1140	0
1141	2
1142	1
1143	1
1144	0
1145	0
1146	1
1147	0
1148	2
1149	1
1150	0
1151	3
1152	2
1153	0
1154	0
1155	1
1156	3
1157	1
1158	0
1159	0
1160	1
1161	0
1162	0
1163	2
1164	2
1165	0
1166	2
1167	0
1168	2
1169	1
1170	1
1171	1
1172	1
1173	2
1174	2
1175	2
1176	1
1177	1
1178	1
1179	2
1180	1
1181	1
1182	0
1183	1
1184	3
1185	1
1186	1
1187	0
1188	1
1189	2
1190	2
1191	0
1192	3
1193	0
1194	1
1195	0
1196	1
1197	1
1198	1
1199	0
1200	1
1201	2
1202	0
1203	2
1204	3
1205	4
1206	0
1207	0
1208	3
1209	2
1210	2
1211	1
1212	0
1213	0
1214	0
1215	0
1216	0
1217	2
1218	0
1219	0
1220	0
1221	0
1222	1
1223	2
1224	0
1225	0
1226	1
1227	0
1228	0
1229	1
1230	1
1231	1
1232	0
1233	0
1234	2
1235	1
1236	2
1237	1
1238	2
1239	3
1240	1
1241	0
1242	0
1243	2
1244	1
1245	2
1246	0
1247	1
1248	2
1249	0
1250	1
1251	0
1252	1
1253	0
1254	1
1255	1
1256	1
1257	2
1258	0
1259	0
1260	0
1261	0
1262	0
1263	0
1264	1
1265	0
1266	1
1267	1
1268	1
1269	0
1270	0
1271	1
1272	1
1273	0
1274	1
1275	0
1276	1
1277	1
1278	0
1279	0
1280	0
1281	0
1282	1
1283	0
1284	1
1285	0
1286	0
1287	0
1288	0
1289	1
1290	0
1291	2
1292	0
1293	3
1294	0
1295	0
1296	0
1297	2
1298	0
1299	0
1300	1
1301	0
1302	1
1303	0
1304	1
1305	2
1306	1
1307	0
1308	0
1309	1
1310	1
1311	1
1312	0
1313	1
1314	0
1315	0
1316	1
1317	0
1318	1
1319	1
1320	0
1321	0
1322	0
1323	2
1324	2
1325	0
1326	1
1327	0
1328	0
1329	1
1330	1
1331	3
1332	1
1333	0
1334	0
1335	1
1336	1
1337	1
1338	0
1339	1
1340	1
1341	0
1342	1
1343	0
1344	0
1345	0
1346	2
1347	0
1348	0
1349	0
1350	2
1351	1
1352	0
1353	0
1354	0
1355	2
1356	0
1357	1
1358	0
1359	1
1360	2
1361	0
1362	0
1363	2
1364	1
1365	2
1366	1
1367	0
1368	0
1369	0
1370	1
1371	0
1372	0
1373	1
1374	0
1375	1
1376	0
1377	2
1378	0
1379	0
1380	0
1381	0
1382	1
1383	1
1384	3
1385	0
1386	2
1387	0
1388	3
1389	1
1390	1
1391	1
1392	0
1393	0
1394	2
1395	2
1396	1
1397	1
1398	0
1399	0
1400	0
1401	0
1402	2
1403	3
1404	0
1405	0
1406	0
1407	0
1408	0
1409	0
1410	2
1411	0
1412	0
1413	1
1414	2
1415	1
1416	1
1417	1
1418	2
1419	0
1420	1
1421	0
1422	0
1423	0
1424	1
1425	0
1426	1
1427	1
1428	0
1429	0
1430	0
1431	0
1432	2
1433	0
1434	2
1435	0
1436	1
1437	2
1438	0
1439	0
1440	2
1441	1
1442	0
1443	1
1444	0
1445	2
1446	2
1447	1
1448	0
1449	0
1450	0
1451	1
1452	0
1453	1
1454	1
1455	1
1456	0
1457	0
1458	2
1459	0
1460	1
1461	0
1462	1
1463	0
1464	0
1465	2
1466	1
1467	0
1468	0
1469	0
1470	0
1471	0
1472	1
1473	0
1474	0
1475	0
1476	1
1477	1
1478	0
1479	1
1480	0
1481	0
1482	0
1483	0
1484	0
1485	1
1486	0
1487	0
1488	0
1489	1
1490	0
1491	0
1492	1
1493	0
1494	2
1495	0
1496	0
1497	0
1498	2
1499	1
1500	0
1501	1
1502	0
1503	1
1504	0
1505	0
1506	1
1507	1
1508	1
1509	1
1510	1
1511	1
1512	0
1513	0
1514	0
1515	0
1516	1
1517	0
1518	0
1519	0
1520	0
1521	0
1522	0
1523	1
1524	0
1525	0
1526	0
1527	1
1528	0
1529	1
1530	2
1531	0
1532	3
1533	0
1534	2
1535	0
1536	1
1537	1
1538	0
1539	0
1540	0
1541	0
1542	1
1543	2
1544	0
1545	1
1546	0
1547	1
1548	0
1549	1
1550	1
1551	0
1552	0
1553	0
1554	0
1555	1
1556	0
1557	0
1558	1
1559	0
1560	1
1561	0
1562	0
1563	0
1564	0
1565	0
1566	1
1567	0
1568	0
1569	0
1570	0
1571	0
1572	0
1573	1
1574	0
1575	1
1576	0
1577	2
1578	1
1579	0
1580	0
1581	0
1582	0
1583	0
1584	0
1585	0
1586	0
1587	0
1588	0
1589	0
1590	0
1591	0
1592	1
1593	0
1594	0
1595	0
1596	1
1597	0
1598	2
1599	1
1600	0
1601	0
1602	0
1603	0
1604	0
1605	0
1606	0
1607	0
1608	0
1609	1
1610	1
1611	1
1612	0
1613	0
1614	0
1615	1
1616	0
1617	0
1618	0
1619	1
1620	0
1621	0
1622	0
1623	1
1624	0
1625	0
1626	0
1627	0
1628	0
1629	0
1630	0
1631	0
1632	2
1633	0
1634	0
1635	0
1636	0
1637	0
1638	0
1639	1
1640	1
1641	1
1642	1
1643	1
1644	0
1645	0
1646	0
1647	0
1648	1
1649	1
1650	2
1651	1
1652	1
1653	0
1654	0
1655	0
1656	0
1657	0
1658	1
1659	0
1660	1
1661	0
1662	0
1663	1
1664	1
1665	0
1666	1
1667	0
1668	0
1669	0
1670	0
1671	0
1672	0
1673	0
1674	0
1675	0
1676	0
1677	0
1678	0
1679	0
1680	0
1681	1
1682	0
1683	0
1684	2
1685	0
1686	0
1687	0
1688	0
1689	0
1690	2
1691	1
1692	0
1693	0
1694	0
1695	0
1696	1
1697	0
1698	0
1699	0
1700	1
1701	0
1702	0
1703	0
1704	0
1705	0
1706	2
1707	0
1708	0
1709	1
1710	0
1711	0
1712	0
1713	0
1714	0
1715	1
1716	0
1717	0
1718	0
1719	2
1720	0
1721	0
1722	1
1723	1
1724	0
1725	1
1726	0
1727	0
1728	1
1729	2
1730	0
1731	0
1732	1
1733	0
1734	0
1735	0
1736	0
1737	1
1738	1
1739	0
1740	0
1741	1
1742	2
1743	0
1744	0
1745	0
1746	0
1747	1
1748	1
1749	2
1750	1
1751	1
1752	0
1753	0
1754	0
1755	0
1756	0
1757	0
1758	0
1759	1
1760	1
1761	0
1762	1
1763	0
1764	0
1765	1
1766	0
1767	0
1768	1
1769	0
1770	0
1771	0
1772	0
1773	0
1774	1
1775	1
1776	1
1777	0
1778	3
1779	1
1780	0
1781	0
1782	1
1783	0
1784	0
1785	4
1786	0
1787	1
1788	0
1789	1
1790	2
1791	1
1792	1
1793	1
1794	0
1795	3
1796	0
1797	2
1798	0
1799	1
1800	1
1801	0
1802	0
1803	1
1804	1
1805	1
1806	2
1807	0
1808	0
1809	1
1810	0
1811	2
1812	1
1813	0
1814	0
1815	0
1816	1
1817	1
1818	2
1819	0
1820	1
1821	2
1822	0
1823	0
1824	0
1825	1
1826	0
1827	1
1828	3
1829	1
1830	0
1831	0
1832	0
1833	1
1834	0
1835	0
1836	1
1837	1
1838	0
1839	0
1840	0
1841	1
1842	0
1843	0
1844	3
1845	0
1846	2
1847	0
1848	0
1849	0
1850	1
1851	0
1852	0
1853	0
1854	0
1855	0
1856	1
1857	1
1858	0
1859	2
1860	0
1861	2
1862	0
1863	0
1864	1
1865	1
1866	0
1867	1
1868	1
1869	0
1870	0
1871	0
1872	0
1873	0
1874	0
1875	0
1876	1
1877	0
1878	1
1879	0
1880	0
1881	1
1882	0
1883	0
1884	0
1885	0
1886	0
1887	0
1888	1
1889	0
1890	0
1891	1
1892	0
1893	0
1894	1
1895	0
1896	0
1897	0
1898	0
1899	0
1900	0
1901	0
1902	0
1903	0
1904	0
1905	0
1906	0
1907	0
1908	0
1909	2
1910	0
1911	0
1912	1
1913	0
1914	0
1915	0
1916	0
1917	0
1918	0
1919	0
1920	0
1921	0
1922	0
1923	0
1924	0
1925	0
1926	0
1927	0
1928	0
1929	0
1930	1
1931	0
1932	1
1933	0
1934	0
1935	0
1936	1
1937	0
1938	0
1939	0
1940	0
1941	0
1942	0
1943	1
1944	0
1945	0
1946	0
1947	1
1948	0
1949	0
1950	1
1951	1
1952	0
1953	0
1954	0
1955	0
1956	0
1957	0
1958	0
1959	0
1960	0
1961	0
1962	1
1963	0
1964	0
1965	0
1966	1
1967	0
1968	0
1969	0
1970	0
1971	0
1972	0
1973	0
1974	0
1975	0
1976	0
1977	0
1978	0
1979	1
1980	0
1981	0
1982	0
1983	0
1984	0
1985	0
1986	0
1987	0
1988	0
1989	0
1990	0
1991	0
1992	0
1993	0
1994	0
1995	0
1996	0
1997	0
1998	0
1999	0
2000	0
2001	0
2002	0
2003	0
2004	0
2005	0
2006	0
2007	0
2008	0
2009	0
2010	0
2011	0
2012	0
2013	0
2014	0
2015	0
2016	0
2017	0
2018	0
2019	0
2020	0
2021	0
2022	0
2023	0
2024	0
2025	0
2026	0
2027	0
2028	0
2029	0
2030	0
2031	0
2032	0
2033	0
2034	0
2035	0
2036	0
2037	0
2038	0
2039	0
2040	0
2041	0
2042	0
2043	0
2044	0
2045	0
2046	0
2047	0
