Filename:  D:\Backup\Documents\FMF\3. Letnik\Fizikalni Praktikum V\Gamma\Co60_long_1.mca
Description:  
TimeStamp:  10/14/2021 17:22:29

Spectral Data Information
Channel	Data
0	0
1	0
2	0
3	0
4	0
5	0
6	0
7	0
8	0
9	0
10	0
11	0
12	0
13	0
14	0
15	0
16	0
17	0
18	0
19	0
20	0
21	0
22	0
23	0
24	0
25	0
26	0
27	0
28	0
29	0
30	0
31	0
32	0
33	0
34	0
35	0
36	0
37	0
38	0
39	0
40	0
41	0
42	0
43	0
44	0
45	1
46	21
47	64
48	86
49	62
50	96
51	95
52	86
53	92
54	66
55	80
56	78
57	94
58	90
59	85
60	84
61	82
62	85
63	79
64	80
65	92
66	87
67	91
68	82
69	98
70	85
71	91
72	92
73	107
74	90
75	123
76	82
77	117
78	97
79	93
80	95
81	87
82	98
83	84
84	109
85	93
86	98
87	94
88	115
89	95
90	99
91	105
92	109
93	108
94	114
95	95
96	104
97	95
98	103
99	97
100	110
101	97
102	110
103	109
104	130
105	71
106	88
107	112
108	83
109	98
110	99
111	90
112	88
113	104
114	99
115	105
116	103
117	118
118	93
119	107
120	88
121	114
122	104
123	97
124	99
125	112
126	113
127	104
128	96
129	89
130	94
131	112
132	112
133	101
134	105
135	111
136	95
137	83
138	106
139	101
140	99
141	90
142	74
143	112
144	103
145	83
146	107
147	94
148	84
149	108
150	103
151	95
152	102
153	100
154	111
155	97
156	115
157	103
158	93
159	104
160	97
161	90
162	113
163	91
164	90
165	93
166	95
167	89
168	93
169	81
170	95
171	86
172	82
173	104
174	97
175	91
176	107
177	110
178	84
179	84
180	107
181	93
182	99
183	109
184	100
185	104
186	81
187	90
188	93
189	101
190	88
191	98
192	77
193	107
194	92
195	100
196	94
197	104
198	87
199	90
200	99
201	88
202	87
203	97
204	97
205	92
206	84
207	109
208	94
209	87
210	93
211	93
212	82
213	94
214	93
215	91
216	89
217	85
218	84
219	80
220	90
221	96
222	86
223	91
224	97
225	93
226	91
227	84
228	97
229	86
230	88
231	80
232	88
233	78
234	83
235	89
236	83
237	79
238	95
239	72
240	90
241	94
242	98
243	87
244	96
245	100
246	98
247	106
248	93
249	84
250	87
251	87
252	86
253	102
254	80
255	88
256	88
257	78
258	75
259	79
260	81
261	95
262	87
263	98
264	86
265	108
266	96
267	97
268	109
269	111
270	90
271	113
272	128
273	96
274	90
275	111
276	104
277	96
278	101
279	91
280	107
281	99
282	101
283	112
284	112
285	106
286	97
287	110
288	105
289	91
290	114
291	90
292	118
293	121
294	116
295	102
296	87
297	123
298	113
299	129
300	107
301	96
302	103
303	113
304	129
305	113
306	105
307	104
308	93
309	125
310	97
311	121
312	102
313	91
314	92
315	96
316	93
317	129
318	83
319	99
320	119
321	98
322	109
323	106
324	109
325	108
326	105
327	113
328	92
329	97
330	98
331	115
332	90
333	107
334	113
335	107
336	98
337	94
338	101
339	111
340	89
341	86
342	105
343	84
344	91
345	98
346	86
347	103
348	102
349	94
350	110
351	104
352	107
353	93
354	110
355	78
356	110
357	94
358	107
359	102
360	96
361	100
362	97
363	106
364	94
365	87
366	103
367	87
368	93
369	93
370	101
371	97
372	103
373	92
374	83
375	98
376	93
377	87
378	89
379	91
380	93
381	102
382	102
383	99
384	77
385	90
386	105
387	88
388	92
389	104
390	84
391	105
392	92
393	111
394	93
395	104
396	93
397	92
398	95
399	86
400	100
401	87
402	84
403	71
404	92
405	95
406	101
407	91
408	103
409	83
410	92
411	79
412	79
413	94
414	95
415	82
416	103
417	83
418	81
419	79
420	86
421	76
422	83
423	81
424	93
425	100
426	92
427	85
428	87
429	76
430	108
431	76
432	76
433	86
434	82
435	89
436	89
437	71
438	99
439	87
440	89
441	62
442	102
443	79
444	66
445	88
446	88
447	95
448	74
449	90
450	74
451	88
452	79
453	83
454	72
455	75
456	85
457	88
458	85
459	98
460	75
461	70
462	82
463	81
464	90
465	83
466	90
467	94
468	72
469	82
470	77
471	84
472	87
473	77
474	78
475	73
476	90
477	95
478	64
479	81
480	84
481	73
482	87
483	87
484	75
485	92
486	65
487	81
488	86
489	79
490	89
491	71
492	89
493	73
494	83
495	61
496	81
497	65
498	89
499	76
500	78
501	72
502	83
503	77
504	79
505	64
506	87
507	74
508	75
509	85
510	94
511	72
512	85
513	86
514	81
515	86
516	87
517	78
518	94
519	79
520	77
521	78
522	64
523	69
524	77
525	77
526	80
527	83
528	80
529	71
530	69
531	91
532	80
533	83
534	76
535	70
536	79
537	82
538	69
539	77
540	82
541	80
542	66
543	74
544	83
545	74
546	84
547	88
548	73
549	79
550	77
551	64
552	77
553	69
554	76
555	80
556	86
557	62
558	75
559	73
560	75
561	83
562	67
563	74
564	72
565	83
566	79
567	78
568	77
569	69
570	83
571	72
572	76
573	96
574	70
575	83
576	72
577	69
578	88
579	83
580	75
581	74
582	95
583	71
584	82
585	66
586	75
587	72
588	79
589	83
590	69
591	76
592	83
593	59
594	85
595	70
596	68
597	64
598	75
599	75
600	70
601	83
602	73
603	76
604	75
605	90
606	81
607	77
608	73
609	85
610	78
611	63
612	78
613	88
614	85
615	71
616	70
617	71
618	70
619	66
620	88
621	71
622	61
623	77
624	72
625	62
626	69
627	69
628	74
629	72
630	69
631	76
632	77
633	72
634	92
635	71
636	70
637	72
638	73
639	64
640	83
641	73
642	84
643	83
644	75
645	78
646	80
647	68
648	73
649	80
650	82
651	74
652	89
653	69
654	84
655	77
656	70
657	74
658	70
659	73
660	78
661	77
662	74
663	73
664	83
665	82
666	70
667	75
668	81
669	101
670	65
671	63
672	88
673	74
674	81
675	70
676	74
677	62
678	80
679	78
680	65
681	72
682	83
683	83
684	69
685	71
686	74
687	63
688	96
689	74
690	72
691	88
692	69
693	72
694	70
695	75
696	87
697	74
698	70
699	67
700	70
701	75
702	74
703	73
704	90
705	78
706	84
707	80
708	77
709	75
710	86
711	67
712	76
713	69
714	66
715	63
716	84
717	87
718	72
719	86
720	84
721	75
722	92
723	88
724	77
725	70
726	86
727	80
728	73
729	85
730	98
731	86
732	68
733	79
734	81
735	83
736	63
737	67
738	75
739	92
740	58
741	73
742	74
743	93
744	78
745	70
746	69
747	82
748	77
749	79
750	76
751	69
752	69
753	57
754	80
755	78
756	73
757	85
758	85
759	79
760	76
761	87
762	63
763	72
764	70
765	82
766	63
767	69
768	64
769	76
770	71
771	71
772	87
773	74
774	84
775	81
776	71
777	72
778	77
779	80
780	70
781	85
782	73
783	81
784	88
785	73
786	94
787	86
788	76
789	71
790	68
791	75
792	67
793	72
794	62
795	68
796	85
797	76
798	86
799	79
800	75
801	74
802	72
803	73
804	83
805	68
806	73
807	86
808	83
809	94
810	76
811	77
812	71
813	57
814	82
815	80
816	62
817	70
818	73
819	71
820	56
821	67
822	74
823	63
824	73
825	86
826	80
827	69
828	65
829	73
830	77
831	89
832	69
833	71
834	78
835	77
836	67
837	69
838	70
839	75
840	86
841	82
842	76
843	74
844	81
845	70
846	83
847	77
848	71
849	93
850	69
851	88
852	64
853	81
854	81
855	60
856	96
857	70
858	84
859	76
860	59
861	73
862	74
863	76
864	74
865	62
866	74
867	69
868	106
869	86
870	89
871	81
872	81
873	83
874	90
875	78
876	57
877	67
878	88
879	83
880	82
881	87
882	81
883	79
884	74
885	65
886	78
887	87
888	69
889	91
890	73
891	74
892	86
893	78
894	88
895	91
896	71
897	75
898	83
899	80
900	98
901	89
902	69
903	83
904	71
905	78
906	88
907	72
908	66
909	69
910	72
911	72
912	90
913	94
914	85
915	73
916	64
917	69
918	60
919	76
920	88
921	93
922	83
923	85
924	95
925	83
926	71
927	80
928	59
929	84
930	88
931	79
932	83
933	77
934	82
935	63
936	74
937	78
938	68
939	77
940	72
941	96
942	61
943	97
944	74
945	80
946	74
947	64
948	93
949	92
950	71
951	73
952	81
953	69
954	85
955	87
956	62
957	78
958	86
959	80
960	81
961	90
962	80
963	82
964	73
965	94
966	87
967	84
968	92
969	96
970	78
971	96
972	94
973	76
974	84
975	83
976	97
977	95
978	86
979	81
980	89
981	79
982	76
983	85
984	88
985	89
986	85
987	76
988	77
989	78
990	86
991	91
992	82
993	84
994	75
995	101
996	73
997	94
998	107
999	74
1000	90
1001	81
1002	91
1003	79
1004	87
1005	79
1006	102
1007	98
1008	80
1009	82
1010	96
1011	94
1012	94
1013	86
1014	97
1015	75
1016	84
1017	90
1018	95
1019	98
1020	80
1021	90
1022	96
1023	73
1024	69
1025	98
1026	82
1027	78
1028	88
1029	82
1030	91
1031	75
1032	96
1033	81
1034	84
1035	89
1036	97
1037	93
1038	86
1039	101
1040	98
1041	89
1042	98
1043	71
1044	100
1045	92
1046	85
1047	78
1048	102
1049	68
1050	83
1051	82
1052	95
1053	104
1054	82
1055	94
1056	70
1057	99
1058	81
1059	95
1060	87
1061	85
1062	91
1063	93
1064	92
1065	101
1066	117
1067	80
1068	89
1069	92
1070	84
1071	84
1072	89
1073	90
1074	82
1075	101
1076	90
1077	85
1078	90
1079	104
1080	92
1081	80
1082	85
1083	98
1084	83
1085	85
1086	95
1087	99
1088	101
1089	85
1090	86
1091	83
1092	92
1093	88
1094	99
1095	102
1096	107
1097	107
1098	81
1099	86
1100	88
1101	102
1102	96
1103	97
1104	97
1105	102
1106	95
1107	80
1108	90
1109	88
1110	85
1111	74
1112	88
1113	93
1114	104
1115	97
1116	79
1117	97
1118	80
1119	113
1120	92
1121	91
1122	83
1123	79
1124	107
1125	83
1126	72
1127	87
1128	87
1129	100
1130	101
1131	101
1132	93
1133	106
1134	79
1135	108
1136	105
1137	89
1138	91
1139	89
1140	81
1141	80
1142	82
1143	100
1144	104
1145	90
1146	84
1147	103
1148	95
1149	96
1150	102
1151	75
1152	83
1153	84
1154	99
1155	88
1156	95
1157	89
1158	86
1159	87
1160	99
1161	105
1162	90
1163	90
1164	76
1165	99
1166	98
1167	80
1168	83
1169	84
1170	91
1171	82
1172	73
1173	83
1174	94
1175	70
1176	80
1177	71
1178	88
1179	76
1180	93
1181	84
1182	74
1183	70
1184	99
1185	78
1186	74
1187	88
1188	98
1189	74
1190	75
1191	66
1192	88
1193	89
1194	93
1195	71
1196	87
1197	81
1198	86
1199	86
1200	79
1201	80
1202	80
1203	82
1204	80
1205	74
1206	83
1207	89
1208	84
1209	78
1210	68
1211	69
1212	69
1213	78
1214	78
1215	64
1216	89
1217	79
1218	65
1219	74
1220	85
1221	67
1222	67
1223	76
1224	66
1225	74
1226	62
1227	64
1228	75
1229	70
1230	63
1231	63
1232	77
1233	63
1234	71
1235	71
1236	71
1237	53
1238	83
1239	68
1240	83
1241	80
1242	63
1243	60
1244	80
1245	69
1246	63
1247	57
1248	67
1249	63
1250	72
1251	54
1252	77
1253	63
1254	51
1255	77
1256	62
1257	72
1258	59
1259	52
1260	67
1261	75
1262	57
1263	61
1264	67
1265	61
1266	70
1267	52
1268	60
1269	77
1270	54
1271	60
1272	58
1273	64
1274	56
1275	57
1276	63
1277	58
1278	77
1279	59
1280	50
1281	65
1282	56
1283	61
1284	70
1285	71
1286	60
1287	55
1288	52
1289	61
1290	52
1291	51
1292	50
1293	54
1294	61
1295	48
1296	60
1297	58
1298	67
1299	71
1300	42
1301	43
1302	55
1303	52
1304	75
1305	56
1306	62
1307	57
1308	45
1309	54
1310	56
1311	65
1312	74
1313	52
1314	61
1315	63
1316	65
1317	78
1318	48
1319	41
1320	46
1321	54
1322	53
1323	66
1324	62
1325	72
1326	65
1327	56
1328	54
1329	61
1330	51
1331	58
1332	55
1333	57
1334	64
1335	68
1336	43
1337	60
1338	55
1339	55
1340	53
1341	47
1342	50
1343	50
1344	45
1345	49
1346	39
1347	45
1348	46
1349	55
1350	49
1351	43
1352	54
1353	53
1354	61
1355	44
1356	61
1357	58
1358	53
1359	59
1360	51
1361	48
1362	41
1363	48
1364	49
1365	60
1366	35
1367	56
1368	60
1369	57
1370	57
1371	55
1372	62
1373	56
1374	56
1375	66
1376	53
1377	49
1378	59
1379	56
1380	58
1381	41
1382	54
1383	57
1384	56
1385	58
1386	55
1387	66
1388	51
1389	70
1390	70
1391	65
1392	69
1393	70
1394	65
1395	65
1396	83
1397	72
1398	84
1399	78
1400	65
1401	71
1402	58
1403	79
1404	80
1405	99
1406	107
1407	99
1408	74
1409	98
1410	93
1411	108
1412	92
1413	94
1414	110
1415	120
1416	103
1417	101
1418	110
1419	114
1420	119
1421	132
1422	121
1423	130
1424	127
1425	130
1426	137
1427	151
1428	137
1429	154
1430	171
1431	161
1432	165
1433	169
1434	157
1435	148
1436	169
1437	171
1438	175
1439	185
1440	161
1441	167
1442	172
1443	218
1444	182
1445	195
1446	184
1447	200
1448	195
1449	220
1450	234
1451	217
1452	192
1453	221
1454	210
1455	234
1456	241
1457	222
1458	215
1459	225
1460	219
1461	212
1462	184
1463	217
1464	230
1465	246
1466	216
1467	205
1468	218
1469	208
1470	241
1471	198
1472	223
1473	195
1474	243
1475	200
1476	200
1477	206
1478	193
1479	220
1480	185
1481	189
1482	214
1483	205
1484	180
1485	181
1486	190
1487	215
1488	191
1489	166
1490	153
1491	176
1492	189
1493	164
1494	171
1495	180
1496	165
1497	150
1498	146
1499	146
1500	150
1501	157
1502	148
1503	143
1504	149
1505	134
1506	125
1507	142
1508	119
1509	126
1510	116
1511	117
1512	114
1513	116
1514	117
1515	99
1516	100
1517	109
1518	90
1519	98
1520	89
1521	83
1522	98
1523	82
1524	75
1525	81
1526	79
1527	66
1528	63
1529	64
1530	70
1531	65
1532	57
1533	75
1534	61
1535	57
1536	66
1537	60
1538	56
1539	52
1540	57
1541	42
1542	38
1543	50
1544	53
1545	53
1546	46
1547	41
1548	39
1549	37
1550	25
1551	41
1552	44
1553	34
1554	37
1555	39
1556	36
1557	32
1558	41
1559	24
1560	40
1561	44
1562	32
1563	36
1564	28
1565	35
1566	32
1567	33
1568	33
1569	41
1570	35
1571	37
1572	37
1573	46
1574	37
1575	37
1576	36
1577	33
1578	42
1579	39
1580	40
1581	44
1582	50
1583	37
1584	51
1585	28
1586	42
1587	51
1588	43
1589	53
1590	50
1591	41
1592	52
1593	54
1594	53
1595	58
1596	68
1597	54
1598	55
1599	59
1600	63
1601	52
1602	68
1603	69
1604	70
1605	88
1606	88
1607	86
1608	76
1609	69
1610	81
1611	87
1612	110
1613	99
1614	96
1615	102
1616	101
1617	108
1618	103
1619	112
1620	101
1621	98
1622	111
1623	122
1624	118
1625	129
1626	110
1627	124
1628	121
1629	115
1630	130
1631	151
1632	128
1633	162
1634	152
1635	140
1636	131
1637	150
1638	160
1639	152
1640	151
1641	144
1642	181
1643	174
1644	168
1645	146
1646	185
1647	136
1648	166
1649	174
1650	205
1651	186
1652	158
1653	187
1654	155
1655	178
1656	155
1657	198
1658	174
1659	178
1660	176
1661	194
1662	137
1663	184
1664	177
1665	143
1666	181
1667	161
1668	147
1669	169
1670	146
1671	156
1672	157
1673	152
1674	149
1675	152
1676	159
1677	149
1678	134
1679	141
1680	157
1681	144
1682	167
1683	138
1684	167
1685	139
1686	154
1687	127
1688	152
1689	145
1690	143
1691	151
1692	120
1693	132
1694	120
1695	105
1696	109
1697	108
1698	111
1699	107
1700	90
1701	123
1702	111
1703	92
1704	89
1705	94
1706	99
1707	97
1708	89
1709	79
1710	72
1711	76
1712	80
1713	70
1714	77
1715	81
1716	66
1717	71
1718	70
1719	81
1720	61
1721	63
1722	49
1723	45
1724	55
1725	58
1726	52
1727	48
1728	52
1729	38
1730	45
1731	52
1732	51
1733	49
1734	44
1735	35
1736	41
1737	43
1738	37
1739	40
1740	32
1741	37
1742	32
1743	27
1744	33
1745	28
1746	35
1747	25
1748	28
1749	23
1750	27
1751	26
1752	26
1753	26
1754	28
1755	19
1756	29
1757	24
1758	30
1759	28
1760	23
1761	30
1762	16
1763	19
1764	20
1765	21
1766	20
1767	17
1768	13
1769	22
1770	21
1771	17
1772	21
1773	25
1774	18
1775	13
1776	17
1777	17
1778	20
1779	17
1780	18
1781	14
1782	22
1783	15
1784	17
1785	13
1786	15
1787	9
1788	16
1789	13
1790	12
1791	15
1792	7
1793	12
1794	7
1795	8
1796	16
1797	9
1798	10
1799	8
1800	10
1801	8
1802	3
1803	11
1804	13
1805	5
1806	2
1807	9
1808	11
1809	7
1810	12
1811	8
1812	9
1813	6
1814	15
1815	7
1816	8
1817	8
1818	8
1819	3
1820	7
1821	14
1822	6
1823	11
1824	7
1825	6
1826	5
1827	7
1828	1
1829	3
1830	12
1831	9
1832	6
1833	13
1834	9
1835	15
1836	8
1837	12
1838	15
1839	7
1840	8
1841	9
1842	7
1843	8
1844	12
1845	7
1846	3
1847	7
1848	7
1849	9
1850	9
1851	1
1852	10
1853	9
1854	4
1855	7
1856	7
1857	7
1858	6
1859	10
1860	7
1861	9
1862	3
1863	16
1864	6
1865	8
1866	13
1867	4
1868	12
1869	7
1870	11
1871	5
1872	6
1873	7
1874	8
1875	7
1876	11
1877	8
1878	11
1879	11
1880	6
1881	11
1882	5
1883	6
1884	11
1885	8
1886	8
1887	11
1888	13
1889	9
1890	2
1891	9
1892	7
1893	5
1894	6
1895	7
1896	9
1897	6
1898	2
1899	6
1900	7
1901	12
1902	9
1903	9
1904	11
1905	9
1906	7
1907	3
1908	8
1909	4
1910	5
1911	9
1912	11
1913	9
1914	4
1915	7
1916	6
1917	11
1918	5
1919	9
1920	13
1921	8
1922	14
1923	5
1924	10
1925	7
1926	7
1927	10
1928	11
1929	12
1930	10
1931	9
1932	9
1933	7
1934	4
1935	11
1936	6
1937	3
1938	9
1939	4
1940	9
1941	6
1942	6
1943	5
1944	6
1945	7
1946	9
1947	8
1948	3
1949	5
1950	8
1951	8
1952	10
1953	9
1954	12
1955	9
1956	7
1957	7
1958	6
1959	6
1960	6
1961	8
1962	8
1963	5
1964	7
1965	7
1966	15
1967	9
1968	2
1969	7
1970	5
1971	9
1972	3
1973	6
1974	5
1975	11
1976	9
1977	13
1978	10
1979	6
1980	5
1981	15
1982	9
1983	8
1984	0
1985	0
1986	0
1987	0
1988	0
1989	0
1990	0
1991	0
1992	0
1993	0
1994	0
1995	0
1996	0
1997	0
1998	0
1999	0
2000	0
2001	0
2002	0
2003	0
2004	0
2005	0
2006	0
2007	0
2008	0
2009	0
2010	0
2011	0
2012	0
2013	0
2014	0
2015	0
2016	0
2017	0
2018	0
2019	0
2020	0
2021	0
2022	0
2023	0
2024	0
2025	0
2026	0
2027	0
2028	0
2029	0
2030	0
2031	0
2032	0
2033	0
2034	0
2035	0
2036	0
2037	0
2038	0
2039	0
2040	0
2041	0
2042	0
2043	0
2044	0
2045	0
2046	0
2047	0
